1780752165927 0.6453605520820618 1
1780752194825 0.5059653123474122 2
1780752223571 0.4418324131011963 3
1780752252616 0.39439106527328494 4
1780752283791 0.362083519487381 5
1780752314644 0.3327351686525345 6
1780752346822 0.3115940706348419 7
1780752379952 0.29926615557670594 8
1780752412529 0.2786735021352768 9
1780752445571 0.2626215710449219 10
1780752478514 0.25301417499542234 11
1780752510554 0.24599882034778595 12
1780752542579 0.23709694398880005 13
1780752574254 0.23497482368469239 14
1780752606902 0.23214682700157166 15
