1780739910257 0.628337342300415 1
1780739972740 0.4995464619445801 2
1780740035290 0.4401447386741638 3
1780740094503 0.4030200094509125 4
1780740157091 0.37040725760459897 5
1780740219757 0.3455314387559891 6
1780740282275 0.32049055970668794 7
1780740341796 0.30407625964164736 8
1780740404093 0.2881312961959839 9
1780740466970 0.27448069749355314 10
1780740529439 0.26475602194309233 11
1780740588777 0.25652003321647643 12
1780740651361 0.24730888036251067 13
1780740714151 0.24319285976886748 14
1780740776957 0.24301739892482757 15
