1781115753286 38.140320084999985 1
1781115791749 37.93359788199996 2
1781115830341 38.07585380300043 3
1781115868878 38.01267736200134 4
1781115907439 38.030823600000076 5
1781115946515 38.003997194000476 6
1781115984988 37.92706803699912 7
1781116023583 38.051969309000924 8
1781116062299 38.167874587999904 9
1781116100659 38.35460933600007 10
1781116139272 38.152151430998856 11
1781116178061 38.78281764699932 12
1781116221917 43.430547269999806 13
1781116267491 44.98739915599981 14
1781116312843 44.30167960499966 15
1781116353885 40.47281523099991 16
1781116394212 39.78568529800032 17
1781116435052 39.727609276000294 18
1781116477682 42.072534548000476 19
1781116521382 43.136046667999835 20
