1781115753286 0.20085 1
1781115791749 0.398875 2
1781115830341 0.5088 3
1781115868878 0.555175 4
1781115907439 0.5695 5
1781115946515 0.58185 6
1781115984988 0.5971 7
1781116023583 0.601925 8
1781116062299 0.613925 9
1781116100659 0.617325 10
1781116139272 0.627175 11
1781116178061 0.626425 12
1781116221917 0.6297 13
1781116267491 0.631975 14
1781116312843 0.635125 15
1781116353885 0.637125 16
1781116394212 0.635075 17
1781116435052 0.637025 18
1781116477682 0.63925 19
1781116521382 0.638975 20
