1781115753286 2.079883398246765 1
1781115791749 1.545796152305603 2
1781115830341 1.2440266974449157 3
1781115868878 1.1212521188735962 4
1781115907439 1.0770421286582947 5
1781115946515 1.0435830347061157 6
1781115984988 1.013639741897583 7
1781116023583 0.9896829287528992 8
1781116062299 0.9706503730773925 9
1781116100659 0.9586468897819519 10
1781116139272 0.9404657341957092 11
1781116178061 0.9320613178253174 12
1781116221917 0.9264883308410644 13
1781116267491 0.914986250591278 14
1781116312843 0.9086729688644409 15
1781116353885 0.9082988443374633 16
1781116394212 0.9080009593009949 17
1781116435052 0.9043774461746216 18
1781116477682 0.9022704093933106 19
1781116521382 0.9021024085044861 20
