1780798561297 0.6226179466629028 1
1780798664585 0.4716331085395813 2
1780798767462 0.41309548592567447 3
1780798871856 0.37395930338859557 4
1780798975834 0.34369647068977355 5
1780799080027 0.31403870023727415 6
1780799183673 0.2934591451740265 7
1780799284869 0.27158801043987274 8
1780799388274 0.25743634757995604 9
1780799492311 0.23854424949645997 10
1780799596547 0.22767784059524537 11
1780799700437 0.2180831059360504 12
1780799804562 0.20993139648675918 13
1780799908270 0.20738235156059265 14
1780800012536 0.20401814465522766 15
