1781032990163 59.020272900001146 1
1781033054348 57.0057713999995 2
1781033121319 60.156847081001615 3
1781033186979 59.05631702799292 4
1781033248388 58.08856300699699 5
1781033312167 56.597695770993596 6
1781033375399 56.05137828399893 7
1781033438745 56.1682326989976 8
1781033504175 58.79574719199445 9
1781033567199 59.43150207000144 10
1781033633783 59.405233319994295 11
1781033702312 61.34676695999224 12
1781033769844 60.347661210005754 13
1781033836764 59.73795963000157 14
1781033901499 57.55355433000659 15
1781033961721 56.63415681000333 16
1781034026925 58.01961356999527 17
1781034094751 60.647169240008225 18
1781034160497 58.55277231000946 19
1781034225482 57.80614230000356 20
