1781032990163 0.6202554950332642 1
1781033054348 0.4840256428527832 2
1781033121319 0.42279055433273316 3
1781033186979 0.38689781774520876 4
1781033248388 0.3562854290294647 5
1781033312167 0.3330251941204071 6
1781033375399 0.3109845530414581 7
1781033438745 0.29159450839996337 8
1781033504175 0.273960324716568 9
1781033567199 0.255847745718956 10
1781033633783 0.2436233819293976 11
1781033702312 0.22943183680057525 12
1781033769844 0.21558089945793152 13
1781033836764 0.21033282376289367 14
1781033901499 0.20168051305770873 15
1781033961721 0.19181930888175963 16
1781034026925 0.18719524873256682 17
1781034094751 0.18431400341272355 18
1781034160497 0.18230446606636047 19
1781034225482 0.18323724299430846 20
