1780869337389 48.50438933301484 1
1780869391679 48.89192322900635 2
1780869442949 48.534247937001055 3
1780869497118 48.64159290899988 4
1780869548376 48.460084587015444 5
1780869602574 48.54535952900187 6
1780869655383 49.97007833499811 7
1780869707969 48.58142897801008 8
1780869759849 49.730918671994004 9
1780869813432 49.50802485499298 10
1780869864944 49.399411930004135 11
1780869918696 49.46302121199551 12
1780869969808 48.81223352099187 13
1780870024033 49.09941302399966 14
1780870075339 48.75166169600561 15
1780870129421 48.98060736901243 16
1780870180450 48.57781207800144 17
1780870234584 48.97749412199482 18
1780870285825 48.71578847098863 19
1780870339950 49.11126887999126 20
