1780869337389 0.628337342300415 1
1780869391679 0.49869147052764895 2
1780869442949 0.440012564163208 3
1780869497118 0.4024384094715118 4
1780869548376 0.3696113805866241 5
1780869602574 0.34448263688087466 6
1780869655383 0.31881787227630615 7
1780869707969 0.2997683526802063 8
1780869759849 0.28243353196144105 9
1780869813432 0.2649525118303299 10
1780869864944 0.2538758784151077 11
1780869918696 0.24133440417289734 12
1780869969808 0.22801107835769654 13
1780870024033 0.21736454147815704 14
1780870075339 0.20897119744300843 15
1780870129421 0.2012908246564865 16
1780870180450 0.19748142419338227 17
1780870234584 0.19083174065589906 18
1780870285825 0.18572780535697936 19
1780870339950 0.18513678943872452 20
