1780754813434 0.6214984147262573 1
1780754859269 0.4874635035800934 2
1780754903114 0.4250091168785095 3
1780754946998 0.38506449895858763 4
1780754991401 0.3538745869493484 5
1780755035405 0.32602499364852905 6
1780755079228 0.3059948414230347 7
1780755123708 0.2820512343263626 8
1780755167465 0.2656726424598694 9
1780755211308 0.25260085911750796 10
1780755255918 0.23514947281837464 11
1780755299689 0.2274046167421341 12
1780755343679 0.2219121685886383 13
1780755388295 0.21640738570690154 14
1780755432017 0.2154328192257881 15
