1780753127263 0.63536766330719 1
1780753164358 0.4930597465515137 2
1780753202173 0.432455676279068 3
1780753239239 0.3942246990776062 4
1780753276108 0.3647387641811371 5
1780753313033 0.3356007505607605 6
1780753349935 0.3149898882770538 7
1780753387012 0.2926403805541992 8
1780753423827 0.2750511979389191 9
1780753461461 0.26325409810066225 10
1780753498602 0.2537888704586029 11
1780753535753 0.24271446650505066 12
1780753572873 0.23616763802528382 13
1780753609681 0.23059387741088866 14
1780753646574 0.23169450892448426 15
