1780866966934 18.512775307986885 1
1780866989136 19.209927568997955 2
1780867011119 19.786948585009668 3
1780867030489 19.363386721990537 4
1780867052464 19.50735969800735 5
1780867071277 18.80808401797549 6
1780867092685 18.925804006983526 7
1780867115272 20.09818484800053 8
1780867134166 18.888847391004674 9
1780867155651 18.992546643014066 10
1780867174753 19.09635975700803 11
1780867195991 18.73173578301794 12
1780867217788 19.29166341898963 13
1780867237354 19.56034849997377 14
1780867259208 19.34113002300728 15
1780867277931 18.718569065997144 16
1780867299486 19.038266638992354 17
1780867320625 18.621027264016448 18
1780867340247 19.6167379640101 19
1780867362000 19.31808382301824 20
