1780866966934 0.6633877032470703 1
1780866989136 0.5861742901802063 2
1780867011119 0.5408551544380188 3
1780867030489 0.5120080577945709 4
1780867052464 0.4826947077178955 5
1780867071277 0.4527566758728027 6
1780867092685 0.42596834524154664 7
1780867115272 0.39970456311225894 8
1780867134166 0.3779082309627533 9
1780867155651 0.3566557936573029 10
1780867174753 0.33591726664543153 11
1780867195991 0.3253310430431366 12
1780867217788 0.3104200768184662 13
1780867237354 0.30117030460357663 14
1780867259208 0.2881738799524307 15
1780867277931 0.27462866441726685 16
1780867299486 0.26899294150352476 17
1780867320625 0.26883654088974 18
1780867340247 0.26248221294403074 19
1780867362000 0.2632219602870941 20
