1780761829300 0.8103891330083212 1
1780761893857 0.4856379038174947 2
1780761957157 0.3954966795285543 3
1780762034842 0.34378654317855833 4
1780762114028 0.30988287260532377 5
1780762193744 0.2855259854475657 6
1780762272291 0.264495336318016 7
1780762352114 0.24895694456100464 8
1780762434929 0.2352908034801483 9
1780762516109 0.22408599847952526 10
1780762599224 0.21456575694878896 11
1780762679449 0.2075061198870341 12
1780762758398 0.20185872133572896 13
1780762842393 0.1986650494893392 14
1780762923634 0.19663407541910807 15
