1780778205626 0.7598888112068176 1
1780778517359 0.46600736853281655 2
1780778869193 0.383681329758962 3
1780779193861 0.3382023515065511 4
1780779535033 0.30307157135009766 5
1780779872487 0.2785128805955251 6
1780780197536 0.2561115880171458 7
1780780547131 0.24024891096750894 8
1780780873652 0.22436444048881532 9
1780781084604 0.2132623457590739 10
1780781161466 0.20425591548283895 11
1780781238259 0.19617943999767304 12
1780781315037 0.19220275526841482 13
1780781391825 0.18621297696828842 14
1780781471441 0.18419453114668527 15
