1780747647569 0.6147912323379516 1
1780747711193 0.4865758093070984 2
1780747771278 0.43070050905227664 3
1780747834977 0.3932371814441681 4
1780747898590 0.3604633819580078 5
1780747962281 0.3348232046413422 6
1780748022472 0.3086267130947113 7
1780748086261 0.2867318582344055 8
1780748149720 0.270422370300293 9
1780748216702 0.25780239943504335 10
1780748283342 0.23934879526138306 11
1780748346103 0.2333504868030548 12
1780748412287 0.22591752908706664 13
1780748478485 0.21954502097129822 14
1780748544401 0.21901952209472655 15
