1781030673897 53.50976109498879 1
1781030730517 53.68103641799826 2
1781030790189 53.79444786599197 3
1781030846818 53.891479416008224 4
1781030907812 54.32856977600022 5
1781030967130 53.7737781899923 6
1781031023830 53.93349851400126 7
1781031083124 53.7577609459986 8
1781031142640 53.961206007996225 9
1781031199439 54.01275954701123 10
1781031258597 54.15880487400864 11
1781031318060 53.63295519599342 12
1781031374498 53.486151578996214 13
1781031434108 53.73390896699857 14
1781031493892 53.9079004630039 15
1781031550388 53.5552003190096 16
1781031610063 53.79675764498825 17
1781031669787 53.850371111999266 18
1781031726297 53.567684679001104 19
1781031786019 53.84583990399551 20
