1781030673897 0.6174120145988464 1
1781030730517 0.4848903982543945 2
1781030790189 0.4264585187911987 3
1781030846818 0.3888049795436859 4
1781030907812 0.3550179193973541 5
1781030967130 0.3289318980503082 6
1781031023830 0.30573845262527466 7
1781031083124 0.27928894081115724 8
1781031142640 0.26332973320007325 9
1781031199439 0.24638439210891724 10
1781031258597 0.22799042283058166 11
1781031318060 0.2171204840040207 12
1781031374498 0.20428253713607789 13
1781031434108 0.19615751904964446 14
1781031493892 0.1852549796438217 15
1781031550388 0.18001351972579957 16
1781031610063 0.17093669499397277 17
1781031669787 0.1701068908214569 18
1781031726297 0.16737962966442108 19
1781031786019 0.16477557324886322 20
