1780814174059 0.6174120145988464 1
1780814277847 0.4854383175754547 2
1780814382423 0.42580307143211366 3
1780814486438 0.3883694806480408 4
1780814587329 0.3555168210220337 5
1780814691913 0.3309023023700714 6
1780814796508 0.30738121366500853 7
1780814900454 0.28500638487815855 8
1780815005045 0.26971299867630005 9
1780815109605 0.25449752225875855 10
1780815214295 0.24105438890933992 11
1780815318883 0.23190630576848983 12
1780815423113 0.2258522062253952 13
1780815534748 0.2230924226474762 14
1780815646907 0.21926438775539397 15
