1781111734130 36.17457011999977 1
1781111773898 36.17592822000006 2
1781111813627 36.13730894999935 3
1781111853398 36.17728560000069 4
1781111896682 36.173983947001034 5
1781111936404 36.26317261100121 6
1781111976114 36.118148220000876 7
1781112015921 36.21391217999917 8
1781112055784 36.26981334000084 9
1781112095624 36.248476860000665 10
1781112135414 36.198187560001315 11
1781112175136 36.12988755000151 12
1781112218484 36.16677845999948 13
1781112258229 36.15170588999899 14
1781112297962 36.14191550999931 15
1781112337735 36.18071424000118 16
1781112377646 36.3171471300011 17
1781112417308 36.0705847499994 18
1781112457082 36.18008010000085 19
1781112496870 36.19779191999987 20
