1781111734130 2.125314591407776 1
1781111773898 1.4878120054244994 2
1781111813627 1.2538364581108092 3
1781111853398 1.1393424159049987 4
1781111896682 1.0697546051979065 5
1781111936404 1.0326211595535277 6
1781111976114 1.0039295758247375 7
1781112015921 0.9807840902328491 8
1781112055784 0.9676371685981751 9
1781112095624 0.9552826444625855 10
1781112135414 0.944645290851593 11
1781112175136 0.9334143208503723 12
1781112218484 0.9216781403541565 13
1781112258229 0.914012277507782 14
1781112297962 0.9091980986595154 15
1781112337735 0.9015362682342529 16
1781112377646 0.8959745085716248 17
1781112417308 0.8964569941520691 18
1781112457082 0.8929676445007324 19
1781112496870 0.8917166127204895 20
