1780865877184 16.198363531992072 1
1780865896102 16.32875524001429 2
1780865912354 16.24694061902119 3
1780865932112 17.168734131992096 4
1780865947920 15.802146218018606 5
1780865967897 17.380188306997297 6
1780865984055 16.152376854995964 7
1780866002309 15.658530810003867 8
1780866018787 16.4730324090051 9
1780866037369 15.986016336013563 10
1780866053313 15.938652865006588 11
1780866072539 16.62947993099806 12
1780866088560 16.015416509006172 13
1780866107906 16.851195638009813 14
1780866124404 16.493285777018173 15
1780866144989 17.659511068981374 16
1780866162207 17.212040531012462 17
1780866180044 16.123916996992193 18
1780866195898 15.848624513018876 19
1780866214887 16.091309895011364 20
