1780865877184 0.6700003470420838 1
1780865896102 0.5995217409324646 2
1780865912354 0.555604561920166 3
1780865932112 0.5234015975093842 4
1780865947920 0.4939181970214844 5
1780865967897 0.47768482595443723 6
1780865984055 0.4497796219444275 7
1780866002309 0.4323910849952698 8
1780866018787 0.41415579401016234 9
1780866037369 0.3972027950954437 10
1780866053313 0.3848415870189667 11
1780866072539 0.3703628240680695 12
1780866088560 0.35347795373916624 13
1780866107906 0.3451089583873749 14
1780866124404 0.33504130937576293 15
1780866144989 0.3307397204875946 16
1780866162207 0.3251740319252014 17
1780866180044 0.3192162474346161 18
1780866195898 0.3182571609401703 19
1780866214887 0.315511539516449 20
