1781106737128 38.13509530200008 1
1781106778450 37.8845872539996 2
1781106820069 38.646043095000095 3
1781106861572 37.94991794999987 4
1781106903140 37.975440959999105 5
1781106944738 38.00516580000021 6
1781106990061 38.14480539000033 7
1781107032278 38.62448468999992 8
1781107073795 37.92337343999952 9
1781107115130 37.742127210000035 10
1781107156685 37.962729359999685 11
1781107202331 38.46622598999966 12
1781107243823 37.89953360999971 13
1781107285262 37.8453035700004 14
1781107326848 37.99331901000005 15
1781107368551 38.108518290000575 16
1781107409956 37.8161574300002 17
1781107455035 37.897122420000414 18
1781107496576 37.948764239999946 19
1781107538656 38.48729570999967 20
