1781106737128 2.0677326745986937 1
1781106778450 1.4719000923156738 2
1781106820069 1.2679316093444823 3
1781106861572 1.1470853038787843 4
1781106903140 1.0648794394493104 5
1781106944738 1.0135236760139466 6
1781106990061 0.9802362001419067 7
1781107032278 0.9582363094329834 8
1781107073795 0.9435899965286255 9
1781107115130 0.9244625768661499 10
1781107156685 0.9127869368553162 11
1781107202331 0.9039190547943116 12
1781107243823 0.8959421070098877 13
1781107285262 0.8882917943000793 14
1781107326848 0.8880890007019043 15
1781107368551 0.8809701573371888 16
1781107409956 0.8757441657066345 17
1781107455035 0.8731994481086731 18
1781107496576 0.8751353012084961 19
1781107538656 0.8734558660507202 20
