1780793251045 0.8260089782714843 1
1780793439968 0.4669409886201223 2
1780793627354 0.3831480556646983 3
1780793816483 0.3331055366834005 4
1780794003983 0.3000165791193644 5
1780794194108 0.2771357421398163 6
1780794381653 0.2572733964284261 7
1780794571162 0.24028234305381774 8
1780794757728 0.226416108584404 9
1780794946993 0.2150432937304179 10
1780795135054 0.20543158550262453 11
1780795325374 0.19785935067335764 12
1780795512257 0.19308989329338075 13
1780795701440 0.18957825910250345 14
1780795888749 0.18753160446882247 15
