1780793251045 0.6639166666666667 1
1780793439968 0.8358416666666667 2
1780793627354 0.8680916666666667 3
1780793816483 0.8864416666666667 4
1780794003983 0.897925 5
1780794194108 0.9051833333333333 6
1780794381653 0.91185 7
1780794571162 0.9172416666666666 8
1780794757728 0.9231166666666667 9
1780794946993 0.9258833333333333 10
1780795135054 0.9286666666666666 11
1780795325374 0.9302833333333334 12
1780795512257 0.9330833333333334 13
1780795701440 0.9337416666666667 14
1780795888749 0.9338666666666666 15
