1781105047064 37.88507475000006 1
1781105088627 38.13367408400063 2
1781105129859 37.638736252000854 3
1781105171439 37.98701110699949 4
1781105212787 37.755461914999614 5
1781105257848 37.88155487599943 6
1781105299509 38.28725680499974 7
1781105341006 38.26942567599963 8
1781105382291 37.8527670200001 9
1781105423915 38.03025798900035 10
1781105465384 37.947733990000415 11
1781105510533 37.94890034199943 12
1781105552015 37.8907008340002 13
1781105593401 37.79326655999921 14
1781105634771 37.777865129999554 15
1781105676219 37.85085153 16
1781105721143 37.74840479999966 17
1781105762686 37.950909299999694 18
1781105804159 37.88002341000083 19
1781105845473 37.71886941000048 20
