1781105047064 2.1022544927597044 1
1781105088627 1.5072526651382445 2
1781105129859 1.2517957411766052 3
1781105171439 1.1279396723747253 4
1781105212787 1.0581312421798705 5
1781105257848 1.0072370944976807 6
1781105299509 0.976888008594513 7
1781105341006 0.951988632774353 8
1781105382291 0.9341553224563599 9
1781105423915 0.9191200108528137 10
1781105465384 0.9071314752578735 11
1781105510533 0.8951723278045655 12
1781105552015 0.8899614868164063 13
1781105593401 0.8820854119300843 14
1781105634771 0.8722101874351501 15
1781105676219 0.8719383759498596 16
1781105721143 0.8677982169151306 17
1781105762686 0.8648902616500854 18
1781105804159 0.8601292139053345 19
1781105845473 0.8593771576881408 20
