1780789259584 0.6226593624305725 1
1780789368986 0.4835207356452942 2
1780789478008 0.4224617057609558 3
1780789587220 0.38348933790206907 4
1780789696982 0.35645355500221254 5
1780789805554 0.3281234565925598 6
1780789915038 0.3059434984588623 7
1780790024651 0.28290416766166687 8
1780790134072 0.2690076317214966 9
1780790204476 0.2512483534812927 10
1780790294046 0.2410520115661621 11
1780790397031 0.2272385530281067 12
1780790500028 0.22153745954990386 13
1780790603074 0.21795977333068847 14
1780790705979 0.21736037464618682 15
