1780804677284 0.6241443993759155 1
1780804774467 0.4971770189857483 2
1780804875089 0.4366284169197083 3
1780804975697 0.3974164659309387 4
1780805076569 0.365852778673172 5
1780805176908 0.34191080216407777 6
1780805277787 0.3197942977428436 7
1780805374877 0.3035225111961365 8
1780805475921 0.2895554948806763 9
1780805576165 0.2748867105579376 10
1780805676786 0.263735185213089 11
1780805777016 0.2540949612426758 12
1780805874257 0.25019637467384337 13
1780805974626 0.24697149284362793 14
1780806075696 0.24197141813278197 15
