1781028321701 52.82785098000022 1
1781028381685 52.803211139995256 2
1781028438011 52.73552042999654 3
1781028497826 52.633019340006285 4
1781028554134 52.71681879000971 5
1781028614451 57.368910189994494 6
1781028674113 55.10131002799608 7
1781028733246 53.77854676700372 8
1781028789646 53.6464930660004 9
1781028849176 53.65341094099858 10
1781028908755 53.70078384700173 11
1781028965365 53.6700462079898 12
1781029025102 53.86547255200276 13
1781029084729 53.744832370008226 14
1781029141737 54.06920132999949 15
1781029201503 53.94908233899332 16
1781029260829 53.69217910800944 17
1781029317827 54.07113404099073 18
1781029377022 53.60552159301005 19
1781029436686 53.818752470004256 20
