1781028321701 0.642629223651886 1
1781028381685 0.49044885718345643 2
1781028438011 0.4333260352706909 3
1781028497826 0.3969291402721405 4
1781028554134 0.3630394634819031 5
1781028614451 0.3348001764392853 6
1781028674113 0.3080306932067871 7
1781028733246 0.2842037247657776 8
1781028789646 0.26777072607040403 9
1781028849176 0.2519017101764679 10
1781028908755 0.233211110663414 11
1781028965365 0.22294453486442567 12
1781029025102 0.2058990400981903 13
1781029084729 0.19831671020507813 14
1781029141737 0.18741388563632966 15
1781029201503 0.18272594405651094 16
1781029260829 0.1773204871034622 17
1781029317827 0.17441417419433594 18
1781029377022 0.16793267045021057 19
1781029436686 0.16967139155864716 20
