1780872589291 53.861481906002155 1
1780872649958 54.06094419199508 2
1780872709984 54.273982209007954 3
1780872770579 54.29468131400063 4
1780872827739 53.876322222000454 5
1780872888169 53.74618159598322 6
1780872944976 53.42791902300087 7
1780873005420 53.486383878975175 8
1780873065910 53.395653061015764 9
1780873122995 53.52878886699909 10
1780873183491 53.344877713010646 11
1780873244047 53.376623327989364 12
1780873300973 53.333652228990104 13
1780873361471 53.31961563701043 14
1780873421936 53.28454798299936 15
1780873479038 53.509516354999505 16
1780873539709 54.04785498700221 17
1780873599995 53.87561910098884 18
1780873657385 53.9651851170056 19
1780873717919 53.90719313599402 20
