1780872589291 0.6217303349685669 1
1780872649958 0.4897941406059265 2
1780872709984 0.428411021528244 3
1780872770579 0.39128358640670774 4
1780872827739 0.35450239247322085 5
1780872888169 0.32983574836730956 6
1780872944976 0.3074256426525116 7
1780873005420 0.2788054348087311 8
1780873065910 0.2603432118034363 9
1780873122995 0.24421388140678404 10
1780873183491 0.22905834714889525 11
1780873244047 0.21437267228603363 12
1780873300973 0.19607941288948058 13
1780873361471 0.18805621700048447 14
1780873421936 0.1813836115193367 15
1780873479038 0.17132161767959594 16
1780873539709 0.17120005370378494 17
1780873599995 0.17073916640281678 18
1780873657385 0.1618417142176628 19
1780873717919 0.15862848821163178 20
