1780753683922 0.6318275099372864 1
1780753721140 0.49061477751731875 2
1780753758486 0.42975505422592164 3
1780753795799 0.3887412669658661 4
1780753833062 0.36169556580543516 5
1780753870281 0.3328055999469757 6
1780753907648 0.30934408653259277 7
1780753944980 0.290663364315033 8
1780753982439 0.2742354986095428 9
1780754019920 0.2574794544029236 10
1780754057131 0.24592904533863066 11
1780754094332 0.2387825879907608 12
1780754131576 0.2294134080219269 13
1780754168806 0.2264988631248474 14
1780754206224 0.22267194606781004 15
