1780897096685 53.22876600199379 1
1780897152040 52.64103186302236 2
1780897210730 53.25811753098969 3
1780897269109 53.61735128000146 4
1780897324971 52.7584870000137 5
1780897383399 53.0893843290105 6
1780897441761 52.92021262200433 7
1780897497478 52.987615082995035 8
1780897556086 53.14620186499087 9
1780897611871 53.04379144599079 10
1780897670265 52.91793858600431 11
1780897729051 53.205492569017224 12
1780897784819 53.02289808500791 13
1780897843239 52.849183382000774 14
1780897902042 52.97837734798668 15
1780897957505 52.572962582984474 16
1780898016410 52.97613455000101 17
1780898074814 52.46740922098979 18
1780898130785 52.92346548102796 19
1780898189234 52.689606547006406 20
