1780897096685 0.6173708358669281 1
1780897152040 0.48862899145126343 2
1780897210730 0.4315140549850464 3
1780897269109 0.39299912180900576 4
1780897324971 0.3569037799930572 5
1780897383399 0.3294341579246521 6
1780897441761 0.3064036533737183 7
1780897497478 0.28528836982250216 8
1780897556086 0.26247594457626344 9
1780897611871 0.24653676117897033 10
1780897670265 0.2314627600336075 11
1780897729051 0.2183349983882904 12
1780897784819 0.207725704369545 13
1780897843239 0.19690214238643647 14
1780897902042 0.18795938403129578 15
1780897957505 0.17551050371170043 16
1780898016410 0.1772074863910675 17
1780898074814 0.1724312809419632 18
1780898130785 0.16843182408332824 19
1780898189234 0.16656632807254793 20
