1780955146995 2.2717455451965334 1
1780955202920 1.9207126747131347 2
1780955258636 1.609072480392456 3
1780955312305 1.4000535076141358 4
1780955368041 1.253664826965332 5
1780955421582 1.1675326305389404 6
1780955477404 1.1250325479507446 7
1780955533270 1.0891909854888917 8
1780955587095 1.0613482503890992 9
1780955643195 1.0416206853866576 10
1780955696431 1.0236861806869506 11
1780955752735 1.0067767449378968 12
1780955805961 0.9963485206604004 13
1780955863154 0.9859165525436402 14
1780955918891 0.9770315773010254 15
1780955971677 0.9701783485412597 16
1780956028111 0.9664229768753052 17
1780956082036 0.9661512318611145 18
1780956137981 0.9582825378417968 19
1780956190938 0.9608769167900085 20
