1780928010857 37.4940239360003 1
1780928051402 37.33792574900144 2
1780928095718 37.519706793002115 3
1780928136612 37.61579454100138 4
1780928178877 39.27328310200028 5
1780928219362 37.50125062499865 6
1780928259864 37.503627099998994 7
1780928300640 37.75477897300152 8
1780928344327 37.586015164000855 9
1780928385118 37.697203021998575 10
1780928425764 37.528084183999454 11
1780928466591 37.68251239299934 12
1780928507757 37.99624909599879 13
1780928552156 37.98842003000027 14
1780928592174 36.65358848600226 15
1780928632371 36.68464628100264 16
1780928672546 36.89794175199859 17
1780928712904 37.03210728299746 18
1780928754493 38.222961396000755 19
1780928795651 37.71520154999962 20
