1780928010857 0.1989 1
1780928051402 0.432775 2
1780928095718 0.507725 3
1780928136612 0.537225 4
1780928178877 0.565775 5
1780928219362 0.581825 6
1780928259864 0.5952 7
1780928300640 0.600925 8
1780928344327 0.6088 9
1780928385118 0.616525 10
1780928425764 0.62105 11
1780928466591 0.627525 12
1780928507757 0.633075 13
1780928552156 0.63705 14
1780928592174 0.638425 15
1780928632371 0.6397 16
1780928672546 0.640675 17
1780928712904 0.644725 18
1780928754493 0.644625 19
1780928795651 0.643825 20
