1780928010857 2.122311822128296 1
1780928051402 1.491352585029602 2
1780928095718 1.2636500418663026 3
1780928136612 1.163710573196411 4
1780928178877 1.0908561223983764 5
1780928219362 1.0452874033927917 6
1780928259864 1.0129343654632568 7
1780928300640 0.9995829699516297 8
1780928344327 0.9698953744888306 9
1780928385118 0.9562026260375976 10
1780928425764 0.9429979388237 11
1780928466591 0.9288325806617737 12
1780928507757 0.9190369625091552 13
1780928552156 0.910326464176178 14
1780928592174 0.9044379673957824 15
1780928632371 0.897924280166626 16
1780928672546 0.8928898300170899 17
1780928712904 0.8885512922286988 18
1780928754493 0.8889224095344543 19
1780928795651 0.8854093963623046 20
