1780925669014 36.40135811199798 1
1780925707761 35.836827068000275 2
1780925747287 36.60970834099862 3
1780925785966 35.75466083399806 4
1780925825071 36.172479531000135 5
1780925863361 35.252914373999374 6
1780925903035 36.19713908800259 7
1780925944894 35.717242381997494 8
1780925982365 34.35152006299904 9
1780926019790 34.289062077998096 10
1780926058389 35.43763511799989 11
1780926096182 34.601751153000805 12
1780926133217 33.62539224899956 13
1780926171552 34.92707399599749 14
1780926210072 35.11812443799863 15
1780926248162 34.90391468999951 16
1780926286826 35.39387094399717 17
1780926324658 34.62452277099874 18
1780926363662 35.7360162119985 19
1780926407066 36.98809184700076 20
