1780925669014 2.0894409669876097 1
1780925707761 1.4891044486999512 2
1780925747287 1.3066714953422547 3
1780925785966 1.1980378269195557 4
1780925825071 1.1295764430999755 5
1780925863361 1.0821549058914184 6
1780925903035 1.052316654586792 7
1780925944894 1.021430478000641 8
1780925982365 1.002920261669159 9
1780926019790 0.9848925815582276 10
1780926058389 0.9719420701980591 11
1780926096182 0.959057737159729 12
1780926133217 0.9446615493774414 13
1780926171552 0.9417791952133179 14
1780926210072 0.9344477232933044 15
1780926248162 0.9326920888900757 16
1780926286826 0.9330971475601196 17
1780926324658 0.9246677017211914 18
1780926363662 0.9271848141670227 19
1780926407066 0.9234817329406738 20
