1780925669014 0.203025 1
1780925707761 0.420425 2
1780925747287 0.48775 3
1780925785966 0.532225 4
1780925825071 0.558625 5
1780925863361 0.57305 6
1780925903035 0.584025 7
1780925944894 0.5944 8
1780925982365 0.603825 9
1780926019790 0.605275 10
1780926058389 0.613975 11
1780926096182 0.616425 12
1780926133217 0.620025 13
1780926171552 0.623425 14
1780926210072 0.62905 15
1780926248162 0.6288 16
1780926286826 0.63065 17
1780926324658 0.633225 18
1780926363662 0.631175 19
1780926407066 0.631175 20
