1780920462766 26.965199363001375 1
1780920491051 28.27740622500096 2
1780920521061 27.365143577999334 3
1780920550474 26.736244486000942 4
1780920581199 28.045058051000524 5
1780920611149 27.27007935599977 6
1780920640090 26.16335608100053 7
1780920670613 27.803062979999595 8
1780920700672 30.052612805000535 9
1780920730267 26.863802099000168 10
1780920759419 26.423227220000626 11
1780920789139 26.97822816000007 12
1780920818883 27.005534947000342 13
1780920848932 27.22588247800013 14
1780920875400 26.461429329998282 15
1780920904503 26.291359801 16
1780920933027 25.62916790500094 17
1780920962202 26.270411916999365 18
1780920991882 26.73384133000036 19
1780921021754 26.84874460299943 20
