1780920462766 2.132122326850891 1
1780920491051 1.490666153717041 2
1780920521061 1.236940671634674 3
1780920550474 1.1511630126953125 4
1780920581199 1.1024648168563842 5
1780920611149 1.0622847030639648 6
1780920640090 1.0357556622505188 7
1780920670613 1.0115900842666625 8
1780920700672 0.9874671681404114 9
1780920730267 0.9703115877151489 10
1780920759419 0.9581052594184876 11
1780920789139 0.9447728558540345 12
1780920818883 0.9400185350418091 13
1780920848932 0.927526183795929 14
1780920875400 0.9219492116928101 15
1780920904503 0.9125342438697815 16
1780920933027 0.9069946479797363 17
1780920962202 0.9086172338485717 18
1780920991882 0.9046666637420654 19
1780921021754 0.9061659763336182 20
