1780873877495 140.74708722400828 1
1780874032137 141.52844744798495 2
1780874186691 141.4911175489833 3
1780874344557 141.47580728700268 4
1780874499090 140.5135655220074 5
1780874653742 140.5487010620127 6
1780874811930 140.28782992597553 7
1780874966570 140.3651434580097 8
1780875121185 140.2608712569927 9
1780875279360 140.54564502701396 10
1780875433987 140.27181291001034 11
1780875592212 140.28303717001108 12
1780875746823 140.25685967999743 13
1780875901442 140.26644252002006 14
1780876059628 140.24375334000797 15
1780876214281 140.29829450999387 16
1780876368908 140.27349968999624 17
1780876527078 140.44523951000883 18
1780876681671 140.35366053998587 19
1780876836214 140.18987979000667 20
