1780873877495 0.6347215455055237 1
1780874032137 0.4984125926017761 2
1780874186691 0.42673997374534606 3
1780874344557 0.3860224654388428 4
1780874499090 0.35210904412269595 5
1780874653742 0.3257921480369568 6
1780874811930 0.3037233614253998 7
1780874966570 0.28616631592750547 8
1780875121185 0.2697098303031921 9
1780875279360 0.2538316293430328 10
1780875433987 0.24172949768066407 11
1780875592212 0.22243650044441224 12
1780875746823 0.21496212334632875 13
1780875901442 0.20676642697334288 14
1780876059628 0.19819762600660323 15
1780876214281 0.19031627217054367 16
1780876368908 0.18670467051506043 17
1780876527078 0.18181816651821137 18
1780876681671 0.17888693582296372 19
1780876836214 0.17764743348121642 20
