1780754243841 0.6576577226066589 1
1780754281275 0.5116818292808533 2
1780754318547 0.4413912524604797 3
1780754355706 0.3982098615074158 4
1780754392942 0.3681290291023254 5
1780754430043 0.3407294934463501 6
1780754467347 0.31467696253299715 7
1780754504675 0.29895684869766237 8
1780754541893 0.2844914113521576 9
1780754578986 0.267561413526535 10
1780754616265 0.2542860446643829 11
1780754653702 0.24812383403778077 12
1780754691500 0.240313637342453 13
1780754728746 0.2374235464477539 14
1780754766071 0.23113983473777772 15
