1780801794680 0.7913656649589539 1
1780801980481 0.4638882279078166 2
1780802165938 0.3805982080936432 3
1780802354345 0.33338872674306236 4
1780802540778 0.3008595156113307 5
1780802725352 0.2755606013615926 6
1780802914957 0.2544019562403361 7
1780803101086 0.24047454674243926 8
1780803286859 0.22555476399262747 9
1780803475493 0.2142110583782196 10
1780803661274 0.20353892422119776 11
1780803847515 0.19641550016403198 12
1780804034201 0.1918681041797002 13
1780804222544 0.1881983820637067 14
1780804408526 0.18552701817353567 15
