1780868784685 25.445104787009768 1
1780868810245 25.553186006000033 2
1780868836971 24.658080182009144 3
1780868861492 24.515288829017663 4
1780868890375 26.606789954006672 5
1780868915516 24.031720987986773 6
1780868943057 24.97333232301753 7
1780868967593 24.530188148026355 8
1780868994192 24.72575122100534 9
1780869020895 24.671760704019107 10
1780869047859 24.728735262993723 11
1780869074478 24.309687823988497 12
1780869098632 24.148497373011196 13
1780869125611 24.418285440973705 14
1780869153260 25.076157953008078 15
1780869180517 24.664354603009997 16
1780869204407 23.885362922010245 17
1780869231344 24.31532256299397 18
1780869258297 24.30768016600632 19
1780869285180 24.21715879999101 20
