1780868784685 0.6401449409103394 1
1780868810245 0.534667912940979 2
1780868836971 0.4751163388442993 3
1780868861492 0.4355459150505066 4
1780868890375 0.4085088051795959 5
1780868915516 0.3778946773529053 6
1780868943057 0.3528905790042877 7
1780868967593 0.32813841834068297 8
1780868994192 0.30939564412117004 9
1780869020895 0.2913232888889313 10
1780869047859 0.2732036914920807 11
1780869074478 0.25850552676200866 12
1780869098632 0.24579571787834167 13
1780869125611 0.23423553411483763 14
1780869153260 0.22788724842071534 15
1780869180517 0.21645331921100616 16
1780869204407 0.20774300652980804 17
1780869231344 0.2033313770747185 18
1780869258297 0.204519564204216 19
1780869285180 0.20029648898601532 20
