1780854658935 63.264129725983366 1
1780854723369 63.20396290899953 2
1780854786296 61.68524473599973 3
1780854848737 61.18928389300709 4
1780854913777 63.605754008021904 5
1780854977860 62.708897609001724 6
1780855042401 63.16485823399853 7
1780855104994 61.22282151901163 8
1780855170242 63.68141787700006 9
1780855234771 62.88665273200604 10
1780855299382 62.9579481560213 11
1780855364254 63.12708828400355 12
1780855429143 63.08555478899507 13
1780855493099 63.010137684992515 14
1780855557968 62.96981954999501 15
1780855624292 64.37379388298723 16
1780855695867 68.61393149499781 17
1780855766345 68.4713093249884 18
1780855836440 68.08558294997783 19
1780855906104 67.96992799799773 20
