1780854658935 0.633231386051178 1
1780854723369 0.49541222244262695 2
1780854786296 0.4406883837413788 3
1780854848737 0.3972353782463074 4
1780854913777 0.36560506872177123 5
1780854977860 0.3379397744655609 6
1780855042401 0.31545868709564207 7
1780855104994 0.2945640771818161 8
1780855170242 0.2788517724227905 9
1780855234771 0.2593279058265686 10
1780855299382 0.24290546794891357 11
1780855364254 0.2284469607448578 12
1780855429143 0.21965465584754945 13
1780855493099 0.20617819334983825 14
1780855557968 0.20135973037719726 15
1780855624292 0.194724654211998 16
1780855695867 0.18979948945045472 17
1780855766345 0.18671147037029268 18
1780855836440 0.18295193457603454 19
1780855906104 0.1810047539496422 20
