1780698810456 0.628337342300415 1
1780698876743 0.4995464619445801 2
1780698944586 0.4401447386741638 3
1780699011837 0.4030200094509125 4
1780699078617 0.37040725760459897 5
1780699145902 0.3455314387559891 6
1780699216377 0.32049055970668794 7
1780699284990 0.30407625964164736 8
1780699352862 0.2881312961959839 9
1780699422338 0.27448069749355314 10
1780699491115 0.26475602194309233 11
1780699560108 0.25652003321647643 12
1780699627583 0.24730888036251067 13
1780699689275 0.24319285976886748 14
1780699751941 0.24301739892482757 15
