1780892490102 53.951861809997354 1
1780892548038 54.321573774010176 2
1780892605921 54.39547161999508 3
1780892663686 54.25296276900917 4
1780892719646 54.181926132994704 5
1780892777677 54.293023958976846 6
1780892835750 54.32346860697726 7
1780892891459 53.642666050000116 8
1780892949865 54.07087964899256 9
1780893007833 53.58101052799611 10
1780893063531 53.566738977999194 11
1780893121788 54.04443507097312 12
1780893179755 53.69717119302368 13
1780893235488 53.599137511017034 14
1780893293637 53.833445155003574 15
1780893351723 54.223450357007096 16
1780893407689 53.95531573498738 17
1780893465580 53.86902600599569 18
1780893523639 54.03739745699568 19
1780893579620 53.97558693497558 20
