1780892490102 0.621605458946228 1
1780892548038 0.49035601360321046 2
1780892605921 0.43361290828704835 3
1780892663686 0.3903238070869446 4
1780892719646 0.3660400059509277 5
1780892777677 0.3386069445514679 6
1780892835750 0.30982722401618956 7
1780892891459 0.29071591770172117 8
1780892949865 0.2737128454208374 9
1780893007833 0.25360093675613404 10
1780893063531 0.236565160446167 11
1780893121788 0.22547079584121704 12
1780893179755 0.20892609545707702 13
1780893235488 0.20356538263320922 14
1780893293637 0.19352460456371307 15
1780893351723 0.18727344283103942 16
1780893407689 0.17803814542293547 17
1780893465580 0.17427320383071898 18
1780893523639 0.17593874625682832 19
1780893579620 0.17195134714365007 20
