1780951642163 43.830426132000866 1
1780951688539 43.52670919000229 2
1780951736394 42.1579185130031 3
1780951781429 42.15897273099836 4
1780951824725 40.38626645300246 5
1780951867374 39.71368809199339 6
1780951912824 39.66598464799608 7
1780951955220 39.49126533100207 8
1780951997277 39.11908671099809 9
1780952039452 39.27465325600497 10
1780952081778 39.33527620299719 11
1780952127332 39.924038930999814 12
1780952169322 39.14084800599812 13
1780952211482 39.303995259004296 14
1780952253693 39.31824791299732 15
1780952299579 40.06136698000046 16
1780952341769 39.270276354996895 17
1780952384485 39.75995894600055 18
1780952428501 41.24662540999998 19
1780952475851 40.947784917996614 20
