1780951642163 0.1989 1
1780951688539 0.432775 2
1780951736394 0.507725 3
1780951781429 0.537225 4
1780951824725 0.565775 5
1780951867374 0.581825 6
1780951912824 0.5952 7
1780951955220 0.600925 8
1780951997277 0.6088 9
1780952039452 0.616525 10
1780952081778 0.62105 11
1780952127332 0.627525 12
1780952169322 0.633075 13
1780952211482 0.63705 14
1780952253693 0.638425 15
1780952299579 0.6397 16
1780952341769 0.640675 17
1780952384485 0.644725 18
1780952428501 0.644625 19
1780952475851 0.643825 20
