1780951642163 2.122311822128296 1
1780951688539 1.491352585029602 2
1780951736394 1.2636500418663026 3
1780951781429 1.163710573196411 4
1780951824725 1.0908561223983764 5
1780951867374 1.0452874033927917 6
1780951912824 1.0129343654632568 7
1780951955220 0.9995829699516297 8
1780951997277 0.9698953744888306 9
1780952039452 0.9562026260375976 10
1780952081778 0.9429979388237 11
1780952127332 0.9288325806617737 12
1780952169322 0.9190369625091552 13
1780952211482 0.910326464176178 14
1780952253693 0.9044379673957824 15
1780952299579 0.897924280166626 16
1780952341769 0.8928898300170899 17
1780952384485 0.8885512922286988 18
1780952428501 0.8889224095344543 19
1780952475851 0.8854093963623046 20
