1780751735966 0.6313035618782044 1
1780751765156 0.4952872675514221 2
1780751794304 0.4373296283817291 3
1780751819892 0.4002583246421814 4
1780751849091 0.3679522961902618 5
1780751878340 0.34157374339103697 6
1780751907912 0.31694525175094607 7
1780751937147 0.2984343573951721 8
1780751963558 0.28063655712127683 9
1780751993467 0.26615124360084536 10
1780752022271 0.25604841695785524 11
1780752051948 0.24496763432502747 12
1780752080366 0.24000459884643555 13
1780752109343 0.23709602962493898 14
1780752138230 0.23429036056280136 15
