1780923338524 37.04393862899815 1
1780923378392 36.49790546700024 2
1780923417892 36.126436788999854 3
1780923457529 36.295979393999005 4
1780923496928 36.05591166600061 5
1780923534470 34.17234317900147 6
1780923572371 34.50923534699905 7
1780923613803 34.628941188999306 8
1780923652474 35.27479097399919 9
1780923691378 35.52779666999777 10
1780923729732 35.364137721997395 11
1780923768996 35.85053750099905 12
1780923807310 36.00797291799972 13
1780923846204 35.306741831002 14
1780923882649 33.85888788699958 15
1780923920618 34.42404594599793 16
1780923958048 34.27781971999866 17
1780923995495 34.26868509000269 18
1780924034275 35.56725504300266 19
1780924076128 35.27215100000103 20
