1780923338524 2.1679476766586303 1
1780923378392 1.5627163606643677 2
1780923417892 1.2553639868736266 3
1780923457529 1.1566195428848267 4
1780923496928 1.095914958000183 5
1780923534470 1.0625971277236939 6
1780923572371 1.0397007460594176 7
1780923613803 1.0197414543151855 8
1780923652474 1.0056432044029235 9
1780923691378 0.9914757380485535 10
1780923729732 0.9796355976104736 11
1780923768996 0.9690670977592468 12
1780923807310 0.9592711938858032 13
1780923846204 0.9498870078086853 14
1780923882649 0.9455505793571473 15
1780923920618 0.9418534050941467 16
1780923958048 0.9431914958000183 17
1780923995495 0.9349138772010803 18
1780924034275 0.9329637786865235 19
1780924076128 0.9333736656188965 20
