1781112541685 36.49417263000032 1
1781112581633 36.357288029999836 2
1781112621673 36.44646074999946 3
1781112661853 36.59913143999984 4
1781112702098 36.64063394999903 5
1781112742371 36.6814683900011 6
1781112782394 36.4428783000003 7
1781112822653 36.655305930000395 8
1781112866408 36.573670259998835 9
1781112906674 36.67405571999916 10
1781112946636 36.36978047999946 11
1781112987654 38.03315976200065 12
1781113027437 38.15574041100081 13
1781113067520 37.599601033 14
1781113110646 38.81258764999984 15
1781113150487 38.13122596799985 16
1781113190797 37.97388816199964 17
1781113231162 38.1265090880006 18
1781113271067 37.80212701200071 19
1781113313440 38.16558501500003 20
