1781112541685 2.1372181922912596 1
1781112581633 1.4469740969657898 2
1781112621673 1.237203343296051 3
1781112661853 1.1362584364891053 4
1781112702098 1.077067609977722 5
1781112742371 1.0378594381332398 6
1781112782394 1.011819029712677 7
1781112822653 0.9911022621154785 8
1781112866408 0.9683214725494385 9
1781112906674 0.9478055050849915 10
1781112946636 0.9327166039466858 11
1781112987654 0.9222458904266357 12
1781113027437 0.9081872446060181 13
1781113067520 0.8993635676383972 14
1781113110646 0.8915251863479614 15
1781113150487 0.8848013253211975 16
1781113190797 0.8837215617179871 17
1781113231162 0.8799177752494812 18
1781113271067 0.8810278269767762 19
1781113313440 0.8760097553253173 20
