1780928843894 39.785210060999816 1
1780928885041 37.62430737500108 2
1780928926721 38.0879659050006 3
1780928968119 38.0976028139994 4
1780929010304 38.59257659299692 5
1780929054652 37.550848570997914 6
1780929095003 37.4157608309979 7
1780929137073 38.48550522300138 8
1780929178587 38.31613430200014 9
1780929220416 38.23533721200147 10
1780929265598 38.35637760499958 11
1780929306954 37.99074229300095 12
1780929347503 36.95402640100292 13
1780929389514 38.416923566997866 14
1780929430963 38.26895573699949 15
1780929471515 37.48531723400083 16
1780929516127 38.36977979600124 17
1780929557433 38.12454758699823 18
1780929599167 38.51579760000095 19
1780929640002 37.582825370001956 20
