1780928843894 2.139307644844055 1
1780928885041 1.569656357383728 2
1780928926721 1.3098147241592408 3
1780928968119 1.1584082310676576 4
1780929010304 1.0857941851615907 5
1780929054652 1.0360057774543763 6
1780929095003 1.004389539718628 7
1780929137073 0.9766159093856811 8
1780929178587 0.956259580039978 9
1780929220416 0.9396314975738526 10
1780929265598 0.9257158407211303 11
1780929306954 0.9186835123062134 12
1780929347503 0.9075193653106689 13
1780929389514 0.8971650154113769 14
1780929430963 0.8896763500213622 15
1780929471515 0.8838574077606202 16
1780929516127 0.8845321413040161 17
1780929557433 0.8813957018852234 18
1780929599167 0.8772357584953309 19
1780929640002 0.879600601196289 20
