1781100778578 40.152338568999994 1
1781100824347 39.876137637000056 2
1781100866537 40.16069510800003 3
1781100910474 40.49584027600008 4
1781100952208 39.28993433000005 5
1781100998293 40.456909936999864 6
1781101042300 40.444351062999885 7
1781101083976 39.37652116100003 8
1781101127801 40.28331640300007 9
1781101173125 39.82822489699993 10
1781101216242 39.85290378400009 11
1781101259254 39.729962187999945 12
1781101302352 39.76958159900005 13
1781101348627 40.417008586000065 14
1781101391626 40.050829654000154 15
1781101434463 39.8825616470001 16
1781101477806 40.38506738199999 17
1781101524015 40.28550079799993 18
1781101566931 39.923928484000044 19
1781101609855 39.83646335100002 20
