1781100778578 2.0951645442962645 1
1781100824347 1.4800574607849122 2
1781100866537 1.234295139503479 3
1781100910474 1.1210645532608032 4
1781100952208 1.0481056204795838 5
1781100998293 1.0073543909072875 6
1781101042300 0.9738521453857422 7
1781101083976 0.9516788993835449 8
1781101127801 0.932813977432251 9
1781101173125 0.9165033493995667 10
1781101216242 0.9058006675720215 11
1781101259254 0.8920484726905823 12
1781101302352 0.882845870065689 13
1781101348627 0.8790759652137756 14
1781101391626 0.8690931452751159 15
1781101434463 0.8680058854103089 16
1781101477806 0.8617640270233154 17
1781101524015 0.8575995053768158 18
1781101566931 0.8594073338508605 19
1781101609855 0.8533885117530823 20
