1780760964372 0.8117954171816508 1
1780761019851 0.4890665668964386 2
1780761077130 0.3988492926438649 3
1780761134255 0.3468154611269633 4
1780761189542 0.31460760523478193 5
1780761246643 0.2883623146533966 6
1780761303750 0.2667598857005437 7
1780761359028 0.25019574100176495 8
1780761416243 0.23754847127596537 9
1780761473477 0.22520848337809246 10
1780761528044 0.215988733792305 11
1780761585609 0.2081698999007543 12
1780761643026 0.20275284113883973 13
1780761700492 0.19981878277460735 14
1780761764742 0.1983380756298701 15
