1780781583334 0.7734462443669637 1
1780781694452 0.44617414134343464 2
1780781805422 0.37068646028836566 3
1780781916575 0.32571913962364196 4
1780782027677 0.2947839446703593 5
1780782142108 0.26677528058687844 6
1780782253048 0.2477812565724055 7
1780782365952 0.23075751891930898 8
1780782506282 0.21627427140076955 9
1780782725080 0.20567113853295643 10
1780782940331 0.19318145025173822 11
1780783153162 0.18550408437252044 12
1780783369241 0.1809526624560356 13
1780783581625 0.17795992826223372 14
1780783794066 0.17562408030430476 15
