1780810861724 0.642629223651886 1
1780810978536 0.49060331650733946 2
1780811094839 0.4345250851726532 3
1780811207591 0.39686264563560486 4
1780811320393 0.3632932173919678 5
1780811435279 0.3367523237800598 6
1780811553043 0.3105403517436981 7
1780811666747 0.28796211162567137 8
1780811780712 0.2728639531707764 9
1780811894560 0.2615018273448944 10
1780812008186 0.2471103862476349 11
1780812126491 0.23940892132759095 12
1780812240948 0.22780906963348388 13
1780812355159 0.2254889296722412 14
1780812469300 0.22144812093257904 15
