1780798917771 0.8096453425089518 1
1780799108135 0.4635335009098053 2
1780799302122 0.3790859182993571 3
1780799492136 0.3322032787481944 4
1780799686356 0.30062693254152933 5
1780799877003 0.2741818670511246 6
1780800071334 0.25408368758360544 7
1780800262302 0.23919636243979137 8
1780800455913 0.22702829808394115 9
1780800646674 0.2120515079021454 10
1780800840069 0.20485936940511068 11
1780801030475 0.19521280041535696 12
1780801220940 0.19207266420125962 13
1780801415269 0.1875024962961674 14
1780801604356 0.1873701190193494 15
