1780845638904 38.31690852000611 1
1780845681876 39.380189310002606 2
1780845724180 38.71004318998894 3
1780845766285 38.51290215001791 4
1780845808400 38.521186559984926 5
1780845854103 38.52050102999783 6
1780845896230 38.53663991999929 7
1780845938124 38.3008354199992 8
1780845980205 38.489061690022936 9
1780846023158 39.35717001001467 10
1780846070066 39.72803877000115 11
1780846112084 38.58259769200231 12
1780846155352 39.79385426000226 13
1780846197663 38.71901555999648 14
1780846239555 38.29557393002324 15
1780846285275 38.54037609000807 16
1780846327345 38.47943070001202 17
1780846369300 38.36036781000439 18
1780846411468 38.57607368999743 19
1780846453696 38.63473190998775 20
