1780845638904 0.638863821220398 1
1780845681876 0.4940917104721069 2
1780845724180 0.4347538833999634 3
1780845766285 0.3942660875606537 4
1780845808400 0.360699218082428 5
1780845854103 0.3336797173023224 6
1780845896230 0.3090080047988892 7
1780845938124 0.2851144734430313 8
1780845980205 0.270155595703125 9
1780846023158 0.25563104875564574 10
1780846070066 0.2394575074863434 11
1780846112084 0.22697139576911926 12
1780846155352 0.21614947805404663 13
1780846197663 0.20413903395652772 14
1780846239555 0.2007016441679001 15
1780846285275 0.19246016796112062 16
1780846327345 0.18722328000068664 17
1780846369300 0.18391597701072693 18
1780846411468 0.18355657879829407 19
1780846453696 0.17813377029418945 20
