1781104205904 38.183889992999866 1
1781104246971 37.88858840600005 2
1781104291382 38.03480089599998 3
1781104332693 38.1113197600007 4
1781104373894 37.99622134099991 5
1781104415786 38.6847273809999 6
1781104457199 38.202205266999954 7
1781104497902 37.680280176999986 8
1781104542559 37.56832597700031 9
1781104583725 37.69192712400036 10
1781104625889 38.79180949700003 11
1781104666953 37.65520135799943 12
1781104708117 37.668535290000364 13
1781104750131 38.42244693500015 14
1781104794950 37.63969668899972 15
1781104836614 38.09051066599932 16
1781104877667 37.63983877800001 17
1781104918861 37.65469015899998 18
1781104959768 37.4948845429999 19
1781105004426 37.751673377999396 20
