1781104205904 2.0158197883605955 1
1781104246971 1.4308288705825805 2
1781104291382 1.197552664756775 3
1781104332693 1.103295184135437 4
1781104373894 1.048308216381073 5
1781104415786 1.0126863136291504 6
1781104457199 0.9827550415992736 7
1781104497902 0.9599141174316407 8
1781104542559 0.9459862750053406 9
1781104583725 0.9282639155387878 10
1781104625889 0.9140532112121582 11
1781104666953 0.8975743601799011 12
1781104708117 0.8940048274040222 13
1781104750131 0.8821555136680603 14
1781104794950 0.8833553827285766 15
1781104836614 0.8728923304557801 16
1781104877667 0.8686778818130493 17
1781104918861 0.8684294013977051 18
1781104959768 0.8667906196594238 19
1781105004426 0.8669989953041076 20
