1780919383204 24.446954228000322 1
1780919410411 24.62346012799935 2
1780919437210 24.256982137001614 3
1780919465813 26.063738143999217 4
1780919490117 24.29840902899923 5
1780919517847 24.958311264001168 6
1780919544932 24.308315063999544 7
1780919571315 23.622298868000144 8
1780919594171 22.85003419199893 9
1780919619900 22.925343760000032 10
1780919645346 22.609302201999526 11
1780919667798 22.445553756000663 12
1780919693487 22.812410501001068 13
1780919719262 22.83153141799994 14
1780919741473 22.20483465000143 15
1780919767648 23.2726014939999 16
1780919793770 23.235238298000695 17
1780919819810 23.14273907200004 18
1780919842640 22.824188045000483 19
1780919869717 24.14046481099831 20
