1780919383204 2.0400859903335573 1
1780919410411 1.4213130409240722 2
1780919437210 1.2538979402542114 3
1780919465813 1.178628364276886 4
1780919490117 1.1233301732063294 5
1780919517847 1.079090532016754 6
1780919544932 1.0583590679168702 7
1780919571315 1.0302779906272888 8
1780919594171 1.0100931415557861 9
1780919619900 0.9923671997070312 10
1780919645346 0.979468401145935 11
1780919667798 0.9687092625617981 12
1780919693487 0.956896510887146 13
1780919719262 0.9534279459953308 14
1780919741473 0.94327907705307 15
1780919767648 0.9414081257820129 16
1780919793770 0.9371970060348511 17
1780919819810 0.9359674406051636 18
1780919842640 0.9294686064720153 19
1780919869717 0.9327163524627685 20
