1780785942910 0.6351538560867309 1
1780786054252 0.48638373034477234 2
1780786165636 0.42953557859420777 3
1780786277030 0.386493527097702 4
1780786388531 0.3561917341041565 5
1780786500146 0.32641383390426637 6
1780786611343 0.30555477041244505 7
1780786722881 0.2819439808273315 8
1780786834065 0.26487732368469236 9
1780786945882 0.24701829927921296 10
1780787056591 0.23008235338687896 11
1780787168357 0.22395143489837646 12
1780787279569 0.22067784436702728 13
1780787391521 0.21243014118671416 14
1780787502529 0.20979594175338745 15
