1780748613252 0.6217303349685669 1
1780748680226 0.4899794864845276 2
1780748747273 0.4292295454406738 3
1780748810758 0.3907451075077057 4
1780748877726 0.35535006812095643 5
1780748944709 0.3302859936237335 6
1780749011700 0.3094812851810455 7
1780749078730 0.281509698882103 8
1780749145775 0.2654759147644043 9
1780749212690 0.2516024193286896 10
1780749276027 0.2362951769733429 11
1780749343290 0.22803838971138002 12
1780749410047 0.21680152070999145 13
1780749477077 0.21335001951694488 14
1780749544106 0.21308870557546616 15
