1780866594541 16.994052526017185 1
1780866611235 16.689491072000237 2
1780866630796 16.83422968199011 3
1780866647622 16.82077442901209 4
1780866667770 17.424628967011813 5
1780866685272 17.496596612996655 6
1780866704998 17.001821809011744 7
1780866724482 16.753805818007095 8
1780866741523 17.035819992015604 9
1780866760838 16.3186635109887 10
1780866777942 17.09865667700069 11
1780866798482 17.49521831399761 12
1780866815105 16.6172315159929 13
1780866836319 18.145052320993273 14
1780866853751 17.426763955998467 15
1780866873596 17.55304921400966 16
1780866890720 17.11829221600783 17
1780866910753 17.19666903198231 18
1780866927665 16.906909140001517 19
1780866947582 16.938147996988846 20
