1780866594541 0.6749369536209107 1
1780866611235 0.5916440563106536 2
1780866630796 0.5509976032161713 3
1780866647622 0.5156376238155365 4
1780866667770 0.4835718014717102 5
1780866685272 0.4580676119041443 6
1780866704998 0.44049708855628966 7
1780866724482 0.4119233144187927 8
1780866741523 0.3924727701473236 9
1780866760838 0.3733397502613068 10
1780866777942 0.3572412626838684 11
1780866798482 0.34238249581336977 12
1780866815105 0.32922882895469663 13
1780866836319 0.31741544580459596 14
1780866853751 0.30619084356307985 15
1780866873596 0.29766618019104 16
1780866890720 0.29385931001663207 17
1780866910753 0.29000205132484436 18
1780866927665 0.28348492531776426 19
1780866947582 0.28469737367630005 20
