1780787204836 0.7002916666666666 1
1780787417381 0.8420833333333333 2
1780787628886 0.8709916666666667 3
1780787838826 0.8872083333333334 4
1780788049099 0.8993333333333333 5
1780788258539 0.9074083333333334 6
1780788468105 0.913275 7
1780788679193 0.9200083333333333 8
1780788889698 0.9239333333333334 9
1780789100901 0.928675 10
1780789310011 0.932025 11
1780789520657 0.9343666666666667 12
1780789731171 0.9356166666666667 13
1780789941358 0.9368916666666667 14
1780790150876 0.9381416666666667 15
