1780787204836 0.76097436170578 1
1780787417381 0.4544624417622884 2
1780787628886 0.37260350800355274 3
1780787838826 0.32869485694567363 4
1780788049099 0.29599682660102844 5
1780788258539 0.2696216883500417 6
1780788468105 0.25189607741038006 7
1780788679193 0.2313353266477585 8
1780788889698 0.21871362737019856 9
1780789100901 0.20606702421506246 10
1780789310011 0.19711793610254924 11
1780789520657 0.18838138147989908 12
1780789731171 0.18293823353052138 13
1780789941358 0.17885907982587815 14
1780790150876 0.17583108676274617 15
