1780922171972 25.44439101199896 1
1780922200436 25.39741400300045 2
1780922225735 25.29166764200272 3
1780922254087 25.282305157998053 4
1780922282628 25.466644354997698 5
1780922311202 25.29421208599888 6
1780922339566 25.140317285000492 7
1780922364789 25.216563789002976 8
1780922393952 25.88250109799992 9
1780922421874 25.218714565999107 10
1780922451207 25.887844622000557 11
1780922478865 25.651491635999264 12
1780922503860 24.989564971001528 13
1780922533975 26.668702913000743 14
1780922560855 25.23838850100219 15
1780922590277 26.04059024900198 16
1780922618076 25.311608782001713 17
1780922643131 25.050137722999352 18
1780922672131 25.635647501996573 19
1780922700549 25.28117637499963 20
