1780922171972 2.044238568687439 1
1780922200436 1.4477460348129272 2
1780922225735 1.2714819493293763 3
1780922254087 1.1736627841949463 4
1780922282628 1.1193576884269714 5
1780922311202 1.0727658120155334 6
1780922339566 1.0438387221336365 7
1780922364789 1.018469263458252 8
1780922393952 0.9994625088691711 9
1780922421874 0.9788212168693542 10
1780922451207 0.9665374349594116 11
1780922478865 0.9520251975059509 12
1780922503860 0.9462168745994568 13
1780922533975 0.9392771704673767 14
1780922560855 0.9289150602340698 15
1780922590277 0.9196859094619751 16
1780922618076 0.9229927949905395 17
1780922643131 0.9149071998596191 18
1780922672131 0.9158812565803528 19
1780922700549 0.9131952491760253 20
