1780886637301 57.9393408059841 1
1780886695867 57.93461724300869 2
1780886755124 57.904882893984905 3
1780886814356 57.84977496700594 4
1780886873784 58.01991447599721 5
1780886933089 57.86809965601424 6
1780886991811 57.99248947799788 7
1780887051109 57.83047247599461 8
1780887110364 57.78697645498323 9
1780887169703 58.20054737100145 10
1780887229124 57.51793246701709 11
1780887287624 57.65699758200208 12
1780887347229 57.91734066398931 13
1780887406845 57.9251713679987 14
1780887466225 57.68995805000304 15
1780887524778 57.70640311599709 16
1780887584408 57.943676115974085 17
1780887643811 57.71530582301784 18
1780887703179 57.5431163610192 19
1780887762536 57.64544263499556 20
