1780886637301 0.6217303349685669 1
1780886695867 0.4897941406059265 2
1780886755124 0.428411021528244 3
1780886814356 0.39128358640670774 4
1780886873784 0.35450239247322085 5
1780886933089 0.32983574836730956 6
1780886991811 0.3074256426525116 7
1780887051109 0.2788054348087311 8
1780887110364 0.2603432118034363 9
1780887169703 0.24421388140678404 10
1780887229124 0.22905834714889525 11
1780887287624 0.21437267228603363 12
1780887347229 0.19607941288948058 13
1780887406845 0.18805621700048447 14
1780887466225 0.1813836115193367 15
1780887524778 0.17132161767959594 16
1780887584408 0.17120005370378494 17
1780887643811 0.17073916640281678 18
1780887703179 0.1618417142176628 19
1780887762536 0.15862848821163178 20
