1781116568166 44.216582131000905 1
1781116610543 41.798996361998434 2
1781116653287 42.16586457899939 3
1781116696006 42.15549612700124 4
1781116736580 40.14930372499839 5
1781116776463 39.402847797000504 6
1781116819185 42.154626822000864 7
1781116861338 42.146730524000304 8
1781116904067 41.83229068499895 9
1781116946375 41.851314235000245 10
1781116988771 41.92404920400077 11
1781117031416 41.688706527998875 12
1781117074068 42.15014615099972 13
1781117117583 42.890478235000046 14
1781117160802 42.19933368499915 15
1781117203164 41.83317847699982 16
1781117245410 41.71623043499858 17
1781117288278 41.640686902002926 18
1781117330486 41.663494797001476 19
1781117372680 41.40358622799977 20
