1781116568166 2.042793166542053 1
1781116610543 1.427752001476288 2
1781116653287 1.2362499417304993 3
1781116696006 1.1619722007751465 4
1781116736580 1.1038144052505494 5
1781116776463 1.0678460774421692 6
1781116819185 1.0309478236198426 7
1781116861338 0.9990181464195251 8
1781116904067 0.9819169437408447 9
1781116946375 0.9688646359443664 10
1781116988771 0.9531938306808472 11
1781117031416 0.9393208653450013 12
1781117074068 0.9328597712516785 13
1781117117583 0.9255933064460754 14
1781117160802 0.9218290510177612 15
1781117203164 0.9143588926315308 16
1781117245410 0.912945725440979 17
1781117288278 0.9057412511825561 18
1781117330486 0.9058698408126831 19
1781117372680 0.9029887990951538 20
