1780919897275 24.75807181500022 1
1780919923750 23.768993076999323 2
1780919947114 23.35841457800052 3
1780919973631 23.632753926000078 4
1780919999431 22.873521120000078 5
1780920021945 22.508747411000513 6
1780920047822 23.576003241998478 7
1780920074124 23.742113959999188 8
1780920103547 29.417866025998592 9
1780920136693 29.374196238999502 10
1780920168583 29.32566677700015 11
1780920199282 28.13111265900079 12
1780920229287 27.436683613999776 13
1780920257275 25.416554880999684 14
1780920283158 25.87680583600013 15
1780920312378 26.65399144299954 16
1780920342950 27.996218359998238 17
1780920371948 26.424876114000654 18
1780920401170 26.650605059001464 19
1780920431954 28.005478502000187 20
