1780919897275 2.092362762260437 1
1780919923750 1.4404120901107789 2
1780919947114 1.255324489879608 3
1780919973631 1.1651858605384826 4
1780919999431 1.1220750804901123 5
1780920021945 1.0815923487663268 6
1780920047822 1.055503116607666 7
1780920074124 1.0255735169410705 8
1780920103547 1.0078954051971436 9
1780920136693 0.9870041110992431 10
1780920168583 0.9737508213043213 11
1780920199282 0.9583943894386292 12
1780920229287 0.9494469520568848 13
1780920257275 0.9395688742637635 14
1780920283158 0.9290980375289917 15
1780920312378 0.9248440625190735 16
1780920342950 0.9214493232727051 17
1780920371948 0.9160697169303894 18
1780920401170 0.9167981861114501 19
1780920431954 0.9113575615882874 20
