1780755476238 0.626152638130188 1
1780755520947 0.48299429642677305 2
1780755565076 0.42895379316329957 3
1780755609944 0.3893991003036499 4
1780755654234 0.36029724886894227 5
1780755698440 0.32838660926818847 6
1780755743042 0.3064876881885529 7
1780755787120 0.2900585315036774 8
1780755831259 0.27166605381011966 9
1780755876073 0.2531985214233398 10
1780755920212 0.2427914608001709 11
1780755964437 0.2316481415939331 12
1780756009252 0.22807997213363648 13
1780756053359 0.22104567113399506 14
1780756097394 0.21856152448177338 15
