1780850899259 63.17754251201404 1
1780850962694 63.42932965498767 2
1780851024501 61.802243287005695 3
1780851088688 64.17985662800493 4
1780851152789 64.09565999198821 5
1780851217001 64.2066155919747 6
1780851280665 63.65787254201132 7
1780851341790 61.12044456801959 8
1780851404679 62.88397420500405 9
1780851468044 63.35839333801414 10
1780851531712 63.66314801201224 11
1780851597195 65.47832301797462 12
1780851660896 63.69613059499534 13
1780851724662 63.75980739700026 14
1780851786930 62.26241067200317 15
1780851848361 61.42451930898824 16
1780851912481 64.11435191097553 17
1780851976732 64.24481643497711 18
1780852040799 64.06113734398969 19
1780852104573 63.767713462002575 20
