1780850899259 0.628337342300415 1
1780850962694 0.49869147052764895 2
1780851024501 0.440012564163208 3
1780851088688 0.4024384094715118 4
1780851152789 0.3696113805866241 5
1780851217001 0.34448263688087466 6
1780851280665 0.31881787227630615 7
1780851341790 0.2997683526802063 8
1780851404679 0.28243353196144105 9
1780851468044 0.2649525118303299 10
1780851531712 0.2538758784151077 11
1780851597195 0.24133440417289734 12
1780851660896 0.22801107835769654 13
1780851724662 0.21736454147815704 14
1780851786930 0.20897119744300843 15
1780851848361 0.2012908246564865 16
1780851912481 0.19748142419338227 17
1780851976732 0.19083174065589906 18
1780852040799 0.18572780535697936 19
1780852104573 0.18513678943872452 20
