1780949047157 41.99528011700022 1
1780949090604 41.330812302003324 2
1780949132184 39.462035715005186 3
1780949175271 38.8774762979956 4
1780949216633 39.244590918999165 5
1780949258240 39.47718996999902 6
1780949301533 41.16284330900089 7
1780949345920 40.096352568005386 8
1780949387086 39.00303037300182 9
1780949430655 41.372339319001185 10
1780949471637 38.58723688000464 11
1780949515860 39.724198964002426 12
1780949559684 41.38532964300248 13
1780949601206 39.187800521998724 14
1780949641614 38.161823351998464 15
1780949683117 39.20814852100011 16
1780949727373 39.87676049499714 17
1780949770476 40.78373626200482 18
1780949813115 40.6154374290054 19
1780949855951 40.66742538700055 20
