1780949047157 2.122311822128296 1
1780949090604 1.491352585029602 2
1780949132184 1.2636500418663026 3
1780949175271 1.163710573196411 4
1780949216633 1.0908561223983764 5
1780949258240 1.0452874033927917 6
1780949301533 1.0129343654632568 7
1780949345920 0.9995829699516297 8
1780949387086 0.9698953744888306 9
1780949430655 0.9562026260375976 10
1780949471637 0.9429979388237 11
1780949515860 0.9288325806617737 12
1780949559684 0.9190369625091552 13
1780949601206 0.910326464176178 14
1780949641614 0.9044379673957824 15
1780949683117 0.897924280166626 16
1780949727373 0.8928898300170899 17
1780949770476 0.8885512922286988 18
1780949813115 0.8889224095344543 19
1780949855951 0.8854093963623046 20
