1780949047157 0.1989 1
1780949090604 0.432775 2
1780949132184 0.507725 3
1780949175271 0.537225 4
1780949216633 0.565775 5
1780949258240 0.581825 6
1780949301533 0.5952 7
1780949345920 0.600925 8
1780949387086 0.6088 9
1780949430655 0.616525 10
1780949471637 0.62105 11
1780949515860 0.627525 12
1780949559684 0.633075 13
1780949601206 0.63705 14
1780949641614 0.638425 15
1780949683117 0.6397 16
1780949727373 0.640675 17
1780949770476 0.644725 18
1780949813115 0.644625 19
1780949855951 0.643825 20
