1780846501149 38.686593149992405 1
1780846543256 38.53150218000519 2
1780846585467 38.601314909989014 3
1780846628707 39.648131099995226 4
1780846670837 38.53795671000262 5
1780846716649 38.63270303999889 6
1780846758905 38.66295717001776 7
1780846802063 39.5684726400068 8
1780846844354 38.696592059975956 9
1780846886497 38.550740489998134 10
1780846934014 40.336815419985214 11
1780846974897 37.28991095998208 12
1780847018492 40.004002709989436 13
1780847060761 38.673900449997745 14
1780847103148 38.806772670010105 15
1780847149043 38.702679750014795 16
1780847191438 38.80148552998435 17
1780847233588 38.55899339998723 18
1780847275876 38.69474661001004 19
1780847322804 39.74966415000381 20
