1780846501149 0.6145046795272827 1
1780846543256 0.484357901802063 2
1780846585467 0.43297713519096376 3
1780846628707 0.39238719079017637 4
1780846670837 0.35992289487838747 5
1780846716649 0.3385022277545929 6
1780846758905 0.3119833467197418 7
1780846802063 0.2896146488380432 8
1780846844354 0.2699426833534241 9
1780846886497 0.2573854102087021 10
1780846934014 0.24116192690372468 11
1780846974897 0.22810737369537354 12
1780847018492 0.21896391123771666 13
1780847060761 0.20637014457702638 14
1780847103148 0.19781744305610657 15
1780847149043 0.1917932667660713 16
1780847191438 0.18538207029342652 17
1780847233588 0.1821160399055481 18
1780847275876 0.17930590581417083 19
1780847322804 0.180529271068573 20
