1780852170751 63.71609212801559 1
1780852234550 63.79344640200725 2
1780852299073 64.51754839898786 3
1780852363482 64.40281285898527 4
1780852428513 65.02501392900012 5
1780852488191 59.67293179099215 6
1780852552453 64.25598976301262 7
1780852616275 63.81635602898314 8
1780852679943 63.66227272799006 9
1780852744148 64.1996811160061 10
1780852807726 63.170727051998256 11
1780852869392 60.62673949301825 12
1780852929528 59.073590815009084 13
1780852989677 59.08778318300028 14
1780853049899 59.14062430500053 15
1780853109556 59.11418657601462 16
1780853169977 59.33286239398876 17
1780853230307 59.272093306994066 18
1780853290840 59.4735769359977 19
1780853350631 59.320527800009586 20
