1780852170751 0.617404567527771 1
1780852234550 0.4936166174221039 2
1780852299073 0.4349935120439529 3
1780852363482 0.3963262788009644 4
1780852428513 0.36532523635864256 5
1780852488191 0.3415772818660736 6
1780852552453 0.3157577886772156 7
1780852616275 0.3015297313785553 8
1780852679943 0.28448093707084654 9
1780852744148 0.2698001223754883 10
1780852807726 0.2550997437429428 11
1780852869392 0.24287019209861754 12
1780852929528 0.22878891008377075 13
1780852989677 0.22669645117759704 14
1780853049899 0.21466901229858398 15
1780853109556 0.2077462752342224 16
1780853169977 0.20281329389572145 17
1780853230307 0.19984292954921723 18
1780853290840 0.19400158307075502 19
1780853350631 0.19721315424919128 20
