1780800119029 0.6275849298286438 1
1780800223396 0.49300597097396853 2
1780800327324 0.4331966843318939 3
1780800431858 0.3903137627029419 4
1780800535649 0.3587797369861603 5
1780800639550 0.3338522317028046 6
1780800743268 0.303553677148819 7
1780800847173 0.29122874402999877 8
1780800951361 0.2723299254322052 9
1780801055076 0.25351737761497495 10
1780801159107 0.24059376223087311 11
1780801262828 0.23144907220363617 12
1780801366744 0.22168846981048584 13
1780801470592 0.2198154077386856 14
1780801571525 0.21798425527095794 15
