1781099883269 42.66112381400001 1
1781099927611 41.85629209899997 2
1781099974805 42.16917189899999 3
1781100019600 42.19352418400001 4
1781100064364 42.29620559999995 5
1781100111785 42.300539051999976 6
1781100155973 41.62804707600003 7
1781100200283 41.87227889399992 8
1781100247327 42.504330546000006 9
1781100291950 42.44665965699994 10
1781100336421 42.26856363599995 11
1781100380893 42.24774120300003 12
1781100428406 43.03058017000001 13
1781100472994 41.31444404600006 14
1781100516490 41.20853267099994 15
1781100560326 41.571054170000025 16
1781100603324 40.73225338899999 17
1781100648569 40.70828714300001 18
1781100691561 40.72013158000004 19
1781100733706 39.87116920800008 20
