1781099883269 2.103975699043274 1
1781099927611 1.3913793543815614 2
1781099974805 1.1326863736152648 3
1781100019600 1.0472991206169129 4
1781100064364 1.0061538295745849 5
1781100111785 0.9708103765487671 6
1781100155973 0.9514806966781616 7
1781100200283 0.9289565861701965 8
1781100247327 0.917734984588623 9
1781100291950 0.897083535861969 10
1781100336421 0.8915330903053283 11
1781100380893 0.8820032102108002 12
1781100428406 0.8742315584182739 13
1781100472994 0.8585038356781006 14
1781100516490 0.8566299668312073 15
1781100560326 0.8474452105522156 16
1781100603324 0.8446253180503845 17
1781100648569 0.8437924228668213 18
1781100691561 0.8437713480949401 19
1781100733706 0.8381716612815857 20
