1780855979124 68.43949949901435 1
1780856049110 68.16528432100313 2
1780856118819 67.83321205500397 3
1780856186578 66.80489040201064 4
1780856250878 62.86680938498466 5
1780856315116 62.53488909298903 6
1780856379756 62.9033396570012 7
1780856444175 62.557022638007766 8
1780856510584 64.54962089299806 9
1780856575404 63.01929754699813 10
1780856639979 62.716687109001214 11
1780856704450 62.58310900698416 12
1780856769717 63.43818003998604 13
1780856834065 62.47003679300542 14
1780856898773 62.982779568003025 15
1780856961319 60.8098617339856 16
1780857020736 58.528810311021516 17
1780857077637 55.11176609399263 18
1780857134473 55.02659689899883 19
1780857191288 55.00222595100058 20
