1780855979124 0.6202554950332642 1
1780856049110 0.4840256428527832 2
1780856118819 0.42279055433273316 3
1780856186578 0.38689781774520876 4
1780856250878 0.3562854290294647 5
1780856315116 0.3330251941204071 6
1780856379756 0.3109845530414581 7
1780856444175 0.29159450839996337 8
1780856510584 0.273960324716568 9
1780856575404 0.255847745718956 10
1780856639979 0.2436233819293976 11
1780856704450 0.22943183680057525 12
1780856769717 0.21558089945793152 13
1780856834065 0.21033282376289367 14
1780856898773 0.20168051305770873 15
1780856961319 0.19181930888175963 16
1780857020736 0.18719524873256682 17
1780857077637 0.18431400341272355 18
1780857134473 0.18230446606636047 19
1780857191288 0.18323724299430846 20
