1780752642104 0.6487917239379882 1
1780752674079 0.5024148367977143 2
1780752706273 0.44624865646362305 3
1780752739938 0.4000593236732483 4
1780752773720 0.3674579309082031 5
1780752805960 0.3368952443885803 6
1780752838639 0.31730677698135373 7
1780752870581 0.30121264259338376 8
1780752902947 0.28324153467655183 9
1780752933281 0.2714211671257019 10
1780752964731 0.262113300743103 11
1780752995940 0.25179892968177797 12
1780753027190 0.24425328742980956 13
1780753058923 0.24149333960056305 14
1780753089891 0.2325885806465149 15
