1780924880631 34.534115990998544 1
1780924921503 34.39230180799859 2
1780924959884 35.17728518700096 3
1780924997798 34.75669550400198 4
1780925035320 34.30886855100107 5
1780925073157 34.64060730200072 6
1780925110767 34.40187550000337 7
1780925148547 34.57400205999875 8
1780925186523 34.73563139600083 9
1780925225183 35.45045434699932 10
1780925263443 34.975479544002155 11
1780925301702 34.97696524700223 12
1780925345486 37.188037774001714 13
1780925385476 36.73593529500067 14
1780925425655 37.20047029499983 15
1780925467121 38.59006098499958 16
1780925508110 38.11367825299749 17
1780925547962 36.96376918199894 18
1780925586836 35.988001607001934 19
1780925628513 35.89657701499891 20
