1780924880631 2.156167738342285 1
1780924921503 1.652281276702881 2
1780924959884 1.3299764210700988 3
1780924997798 1.1889836216926575 4
1780925035320 1.133883369064331 5
1780925073157 1.0874790946960449 6
1780925110767 1.0601896202087402 7
1780925148547 1.0258247151374817 8
1780925186523 1.0048373672485351 9
1780925225183 0.9822833023071289 10
1780925263443 0.971554755783081 11
1780925301702 0.9532691645622253 12
1780925345486 0.9483235806465149 13
1780925385476 0.9364388518333435 14
1780925425655 0.9287347338676453 15
1780925467121 0.9238473384857178 16
1780925508110 0.9222962684631347 17
1780925547962 0.9174316081047058 18
1780925586836 0.9113554916381836 19
1780925628513 0.9134997124671936 20
