1780812590327 0.6361241760635375 1
1780812706682 0.4880381136703491 2
1780812815124 0.42702522006988525 3
1780812920249 0.38561977066993713 4
1780813025416 0.35108636220932005 5
1780813130327 0.3269777700710297 6
1780813235523 0.30051580744743345 7
1780813339359 0.2800253413724899 8
1780813440799 0.2641581747341156 9
1780813544835 0.2523983084964752 10
1780813649179 0.23603580919504166 11
1780813753401 0.22562227598190307 12
1780813857843 0.2200135706090927 13
1780813962323 0.21159777284145356 14
1780814066645 0.2117345697116852 15
