1780797013412 0.6173708358669281 1
1780797116252 0.4893869375705719 2
1780797218724 0.43217185249328616 3
1780797322002 0.39344992893218994 4
1780797424805 0.3569932063484192 5
1780797527959 0.33092892087936404 6
1780797631063 0.3084152280807495 7
1780797734037 0.29081083492279053 8
1780797836668 0.2689882392835617 9
1780797940209 0.25419470156669616 10
1780798043381 0.24494784420967103 11
1780798146078 0.23282717376708983 12
1780798249120 0.22893432304382325 13
1780798352190 0.22374884711265564 14
1780798455512 0.22045690907478332 15
