1781109274143 37.7781394499998 1
1781109319089 37.834583584999564 2
1781109360574 38.01377193400003 3
1781109402221 38.05567614000029 4
1781109443822 38.00704923000012 5
1781109485273 37.85851593000007 6
1781109530352 37.89766602000054 7
1781109571867 37.92346596000061 8
1781109613555 38.095826130000205 9
1781109655200 38.05125066000073 10
1781109696717 37.92368961000102 11
1781109738396 38.08680875999926 12
1781109783606 38.02939083000092 13
1781109825125 37.92743046000032 14
1781109866733 38.01541464000002 15
1781109908519 38.192904720001025 16
1781109949906 37.79632529999981 17
1781109991356 37.85700842999904 18
1781110036504 37.96754130000045 19
1781110077942 37.84417740000026 20
