1781109274143 2.0661521270751955 1
1781109319089 1.387891877555847 2
1781109360574 1.185243523311615 3
1781109402221 1.1067166611671448 4
1781109443822 1.05625962266922 5
1781109485273 1.0173272842407226 6
1781109530352 0.9940861983299255 7
1781109571867 0.9738457782745361 8
1781109613555 0.9500046804428101 9
1781109655200 0.9329845448493957 10
1781109696717 0.9214770191192627 11
1781109738396 0.9106451343536377 12
1781109783606 0.8985322123527527 13
1781109825125 0.8904604075431823 14
1781109866733 0.8886478904724121 15
1781109908519 0.8839556121826172 16
1781109949906 0.8735985535621643 17
1781109991356 0.8753992827415467 18
1781110036504 0.8729526782989502 19
1781110077942 0.8724915232658387 20
