1780926447496 35.95862043899979 1
1780926487861 36.95917575099884 2
1780926527349 36.24464466200152 3
1780926567836 37.05710938899938 4
1780926607797 36.671322045000124 5
1780926648709 37.40188217299874 6
1780926691620 36.517250140001124 7
1780926730813 36.218273762002354 8
1780926768188 34.39307915899917 9
1780926806491 35.312186576000386 10
1780926845885 36.38341625999965 11
1780926884928 36.02669957100079 12
1780926925150 37.18976020699847 13
1780926965793 37.60111689500263 14
1780927008617 36.714133107001544 15
1780927052215 40.52637533199959 16
1780927094589 39.29236115200183 17
1780927135462 37.77846726900316 18
1780927181470 41.14896188399871 19
1780927218897 33.93663981899954 20
