1780926447496 2.079883398246765 1
1780926487861 1.545796152305603 2
1780926527349 1.2440266974449157 3
1780926567836 1.1212521188735962 4
1780926607797 1.0770421286582947 5
1780926648709 1.0435830347061157 6
1780926691620 1.013639741897583 7
1780926730813 0.9896829287528992 8
1780926768188 0.9706503730773925 9
1780926806491 0.9586468897819519 10
1780926845885 0.9404657341957092 11
1780926884928 0.9320613178253174 12
1780926925150 0.9264883308410644 13
1780926965793 0.914986250591278 14
1780927008617 0.9086729688644409 15
1780927052215 0.9082988443374633 16
1780927094589 0.9080009593009949 17
1780927135462 0.9043774461746216 18
1780927181470 0.9022704093933106 19
1780927218897 0.9021024085044861 20
