1780926447496 0.20085 1
1780926487861 0.398875 2
1780926527349 0.5088 3
1780926567836 0.555175 4
1780926607797 0.5695 5
1780926648709 0.58185 6
1780926691620 0.5971 7
1780926730813 0.601925 8
1780926768188 0.613925 9
1780926806491 0.617325 10
1780926845885 0.627175 11
1780926884928 0.626425 12
1780926925150 0.6297 13
1780926965793 0.631975 14
1780927008617 0.635125 15
1780927052215 0.637125 16
1780927094589 0.635075 17
1780927135462 0.637025 18
1780927181470 0.63925 19
1780927218897 0.638975 20
