1780746705065 0.622470856628418 1
1780746765451 0.4855803339481354 2
1780746828672 0.424728018321991 3
1780746892297 0.3860714386367798 4
1780746956159 0.353985568819046 5
1780747016417 0.32724512327194216 6
1780747080114 0.3026167694473267 7
1780747143720 0.28567494978904723 8
1780747207426 0.26818150213241576 9
1780747267499 0.25085746678352355 10
1780747331208 0.24161030826568602 11
1780747394811 0.2300679301071167 12
1780747458448 0.21867563194274903 13
1780747518433 0.21664820847034455 14
1780747582049 0.21880174194335938 15
