1780817907598 0.7746963759740194 1
1780818020704 0.44754560085932416 2
1780818132434 0.3687166538397471 3
1780818244573 0.3255447959423065 4
1780818357704 0.29573126011689504 5
1780818469334 0.26755443102518717 6
1780818582693 0.2471016453584035 7
1780818694394 0.22982791610558828 8
1780818806109 0.2169129217942556 9
1780818918500 0.20352097230752308 10
1780819030534 0.1950825577020645 11
1780819142971 0.18779448080857594 12
1780819254853 0.17959829477071762 13
1780819367529 0.17701381386121115 14
1780819479635 0.17511328809658686 15
