1780891343975 54.679619489994366 1
1780891400185 54.606548791984096 2
1780891457828 54.60105040698545 3
1780891515608 54.70656242899713 4
1780891571667 54.49837906300672 5
1780891629553 54.57594280599733 6
1780891687701 54.771670216025086 7
1780891745097 53.88958301598905 8
1780891801058 54.13911891001044 9
1780891858936 54.207843907002825 10
1780891916944 54.27717822298291 11
1780891972777 54.312676700996235 12
1780892030922 54.471978952991776 13
1780892088553 54.36411397298798 14
1780892144666 54.4000687939988 15
1780892202527 54.44140731700463 16
1780892260339 54.38882590702269 17
1780892316425 54.387754432013026 18
1780892374311 54.55515948901302 19
1780892432067 54.469644486001926 20
