1780891343975 0.6226593624305725 1
1780891400185 0.48398968048095703 2
1780891457828 0.42293921068191526 3
1780891515608 0.38427196538925174 4
1780891571667 0.35581084748268127 5
1780891629553 0.3272770716190338 6
1780891687701 0.3048633491563797 7
1780891745097 0.2815260346221924 8
1780891801058 0.265498045129776 9
1780891858936 0.24507460250854493 10
1780891916944 0.23196852320671082 11
1780891972777 0.21515286093235017 12
1780892030922 0.20497514115810395 13
1780892088553 0.1937688196849823 14
1780892144666 0.18761664154052735 15
1780892202527 0.18041523550987243 16
1780892260339 0.17346580018043517 17
1780892316425 0.16982734272956848 18
1780892374311 0.17000190388202668 19
1780892432067 0.16486536682128905 20
