1780858374013 56.01200221100589 1
1780858430926 55.71778100900701 2
1780858489055 55.5631396130193 3
1780858547364 55.88148849297431 4
1780858605530 55.39191007998306 5
1780858662651 55.88230041900533 6
1780858720895 55.718006720009726 7
1780858779234 55.65275742899394 8
1780858835935 55.20869938400574 9
1780858894138 54.9545081910037 10
1780858952850 55.25159822500427 11
1780859011376 55.068057469005 12
1780859067895 55.150433087022975 13
1780859126331 55.0191797259904 14
1780859184983 55.37669772701338 15
1780859241551 54.91450411800179 16
1780859300128 55.519274537975434 17
1780859358493 55.26898137500393 18
1780859416888 55.27491010900121 19
1780859473713 55.25735190199339 20
