1780858374013 0.6469367488479614 1
1780858430926 0.4917682142829895 2
1780858489055 0.435815069065094 3
1780858547364 0.3914197492980957 4
1780858605530 0.3598206911087036 5
1780858662651 0.3338100094509125 6
1780858720895 0.3086549457645416 7
1780858779234 0.2844908485507965 8
1780858835935 0.269219736700058 9
1780858894138 0.2489345317840576 10
1780858952850 0.23832961369514466 11
1780859011376 0.22155125190734865 12
1780859067895 0.20576489230155945 13
1780859126331 0.19785509105682372 14
1780859184983 0.19085071531295777 15
1780859241551 0.18434662234306334 16
1780859300128 0.17846408770084382 17
1780859358493 0.18152311705112456 18
1780859416888 0.17220261836528777 19
1780859473713 0.17061225777626038 20
