1780950734827 40.496667109000555 1
1780950776801 39.441334448005364 2
1780950819873 40.59691964599915 3
1780950866778 41.94244331600203 4
1780950909602 40.33163025700196 5
1780950952122 40.01110612000048 6
1780951001205 44.045304177001526 7
1780951043474 39.758737950003706 8
1780951086935 42.005629519997456 9
1780951130693 40.50451726599567 10
1780951177066 40.54221552600211 11
1780951221449 41.54936560499482 12
1780951265690 41.4032489750025 13
1780951310184 41.654794923000736 14
1780951359385 43.5348308850007 15
1780951406103 43.884463262998906 16
1780951453739 41.9931438249987 17
1780951499540 42.978389085001254 18
1780951544851 42.48533620699891 19
1780951594061 43.597777551003674 20
