1780950734827 2.156816095161438 1
1780950776801 1.495770546245575 2
1780950819873 1.2926574647903442 3
1780950866778 1.200359460258484 4
1780950909602 1.1345585025787353 5
1780950952122 1.0888214889526366 6
1780951001205 1.049771063899994 7
1780951043474 1.023270844078064 8
1780951086935 1.0000355820655822 9
1780951130693 0.9848970260620117 10
1780951177066 0.9755612215995788 11
1780951221449 0.9586572448730468 12
1780951265690 0.9449013686180114 13
1780951310184 0.9382242402076721 14
1780951359385 0.929341693687439 15
1780951406103 0.9183725249290466 16
1780951453739 0.9154124154090881 17
1780951499540 0.9140406392097473 18
1780951544851 0.9092016241073608 19
1780951594061 0.9097101319313049 20
