1780950734827 0.192025 1
1780950776801 0.427625 2
1780950819873 0.4968 3
1780950866778 0.524825 4
1780950909602 0.548325 5
1780950952122 0.56815 6
1780951001205 0.5784 7
1780951043474 0.590225 8
1780951086935 0.6012 9
1780951130693 0.603075 10
1780951177066 0.610925 11
1780951221449 0.615275 12
1780951265690 0.616925 13
1780951310184 0.622675 14
1780951359385 0.6286 15
1780951406103 0.633375 16
1780951453739 0.632525 17
1780951499540 0.63445 18
1780951544851 0.63685 19
1780951594061 0.633825 20
