1780898249662 52.6276008959976 1
1780898305049 52.38935371601838 2
1780898363915 52.83922372001689 3
1780898419187 52.22256349600502 4
1780898477970 52.957416293997085 5
1780898536701 53.604035196010955 6
1780898592432 52.45913157900213 7
1780898651017 52.73878209799295 8
1780898709605 52.66518142799032 9
1780898765198 52.62207842100179 10
1780898823880 52.737456017988734 11
1780898882475 52.641211061010836 12
1780898938484 53.03116304098512 13
1780898997186 52.75178051699186 14
1780899052840 52.59649166101008 15
1780899111431 52.53818985001999 16
1780899170194 52.546393599011935 17
1780899225619 52.30712096899515 18
1780899285080 53.240951482002856 19
1780899340241 52.329418330977205 20
