1780898249662 0.6226179466629028 1
1780898305049 0.4710878903388977 2
1780898363915 0.41326950882911684 3
1780898419187 0.37467463447570803 4
1780898477970 0.3425108511829376 5
1780898536701 0.312981484375 6
1780898592432 0.2906760683631897 7
1780898651017 0.26871106593608857 8
1780898709605 0.25489995082855227 9
1780898765198 0.23216865839004516 10
1780898823880 0.21700843467712402 11
1780898882475 0.20511299040794373 12
1780898938484 0.19157125250577928 13
1780898997186 0.18356567653179168 14
1780899052840 0.17332505968093873 15
1780899111431 0.1665324150466919 16
1780899170194 0.15877206672668456 17
1780899225619 0.15420131454467773 18
1780899285080 0.15636143493175506 19
1780899340241 0.15312590316295624 20
