1780853412771 58.973609577980824 1
1780853472709 58.967475754994666 2
1780853532730 59.03699314899859 3
1780853592715 58.993829824001295 4
1780853652704 58.98897051802487 5
1780853711989 59.27976771298563 6
1780853772120 59.05730398700689 7
1780853831919 58.717155584017746 8
1780853897200 64.14480579199153 9
1780853960372 61.92719287399086 10
1780854023543 61.93445629498456 11
1780854086776 61.945165605982766 12
1780854150225 62.089708599989535 13
1780854213807 62.16695087100379 14
1780854277140 61.87598307899316 15
1780854340639 62.00845314399339 16
1780854403234 61.840808103996096 17
1780854465929 61.171902961010346 18
1780854529125 61.64535450498806 19
1780854592492 61.80164631898515 20
