1780853412771 0.6472361885070801 1
1780853472709 0.5021178125858307 2
1780853532730 0.44275488885879516 3
1780853592715 0.40443377932548524 4
1780853652704 0.3691970828151703 5
1780853711989 0.34927289116859433 6
1780853772120 0.32286423804283143 7
1780853831919 0.308503258266449 8
1780853897200 0.290337453660965 9
1780853960372 0.27645941555023196 10
1780854023543 0.262567464761734 11
1780854086776 0.25322420008659363 12
1780854150225 0.24032044569015504 13
1780854213807 0.23018477249145508 14
1780854277140 0.22223884437561034 15
1780854340639 0.21446985635757446 16
1780854403234 0.21071810454368592 17
1780854465929 0.20904186264514923 18
1780854529125 0.20825530802726747 19
1780854592492 0.20372339397192002 20
