1780807723910 0.625261744632721 1
1780807828484 0.48991286016464236 2
1780807932718 0.43054477113723755 3
1780808036873 0.39017690769195557 4
1780808141703 0.36050064657211306 5
1780808242784 0.33520379343032836 6
1780808348905 0.31404838638305665 7
1780808453074 0.2927017356967926 8
1780808557797 0.27937756112098694 9
1780808661782 0.2675195200920105 10
1780808766561 0.2529752817440033 11
1780808870764 0.24292120365142822 12
1780808975412 0.2388642047071457 13
1780809079604 0.23420878857135774 14
1780809184137 0.23111267372131347 15
