1780784266225 0.6357976560974121 1
1780784377493 0.4858088403892517 2
1780784488177 0.4247772308921814 3
1780784602216 0.38292514422416685 4
1780784714659 0.34937814425468444 5
1780784825563 0.3223384030151367 6
1780784936902 0.2990422572803497 7
1780785048631 0.27586662677764895 8
1780785159684 0.2553863772392273 9
1780785271204 0.23783662675857545 10
1780785382658 0.22372851826667786 11
1780785494603 0.2144976099061966 12
1780785605535 0.206771324672699 13
1780785716782 0.20209919443130492 14
1780785828308 0.20473564873695374 15
