1780911710643 11.875911755999368 1
1780911722251 11.602555197000584 2
1780911735509 11.618520265999905 3
1780911747082 11.567892125000071 4
1780911758705 11.618859352000072 5
1780911772539 12.194998064000174 6
1780911785773 13.228586260000156 7
1780911797958 12.18106579399955 8
1780911811299 11.698396314999627 9
1780911823749 12.444927080000525 10
1780911837442 12.040296854999724 11
1780911849325 11.877777374000289 12
1780911862002 12.67208598400066 13
1780911875599 11.95212958799948 14
1780911888374 12.769223799999963 15
1780911901871 11.843586904000404 16
1780911914053 12.177044069999283 17
1780911926032 11.974385112000164 18
1780911939391 11.667152226000326 19
1780911951388 11.991520345999561 20
