1780911710643 2.231665322113037 1
1780911722251 2.1500737730026245 2
1780911735509 2.1165334281921386 3
1780911747082 2.101893811225891 4
1780911758705 2.088607109451294 5
1780911772539 2.078465947151184 6
1780911785773 2.076535969734192 7
1780911797958 2.0658506296157837 8
1780911811299 2.0623077335357665 9
1780911823749 2.0558312967300414 10
1780911837442 2.053030715751648 11
1780911849325 2.0514706899642943 12
1780911862002 2.0472717725753786 13
1780911875599 2.0425343101501463 14
1780911888374 2.040605042266846 15
1780911901871 2.040935362815857 16
1780911914053 2.0379850246429445 17
1780911926032 2.034275400543213 18
1780911939391 2.0352128562927247 19
1780911951388 2.0346358547210692 20
