1780880159046 144.70178525999654 1
1780880321776 144.82825070200488 2
1780880480889 144.84972599800676 3
1780880640043 144.80042372999014 4
1780880802714 144.7279201799829 5
1780880961794 144.72646820999216 6
1780881124523 144.78718077001395 7
1780881283609 144.73174373997608 8
1780881446288 144.73906587000238 9
1780881605399 144.7567748100264 10
1780881768047 144.75515698900563 11
1780881927114 144.71350784998504 12
1780882089820 144.7613285399857 13
1780882248899 144.72862199999508 14
1780882411613 144.76986198002123 15
1780882570692 144.72526895999908 16
1780882733396 144.76245111000026 17
1780882892513 144.7626177899947 18
1780883055459 148.39435091800988 19
1780883217005 154.95786229797523 20
