1780880159046 0.6171895803928376 1
1780880321776 0.47080048557281495 2
1780880480889 0.416091757106781 3
1780880640043 0.3669760239696503 4
1780880802714 0.3381278880119324 5
1780880961794 0.31113855827331544 6
1780881124523 0.2868375879621506 7
1780881283609 0.2650811743974686 8
1780881446288 0.24459483110427857 9
1780881605399 0.22742936965942384 10
1780881768047 0.21672053179740905 11
1780881927114 0.19898358764648438 12
1780882089820 0.18824556366443634 13
1780882248899 0.17609317171096803 14
1780882411613 0.17029768049240113 15
1780882570692 0.16213570568561553 16
1780882733396 0.15516012326240539 17
1780882892513 0.14852503831863403 18
1780883055459 0.15116284144878386 19
1780883217005 0.14790346804142 20
