1780803176879 0.6202554950332642 1
1780803277310 0.48410770963668825 2
1780803377418 0.42341707075119017 3
1780803477354 0.3876608803749084 4
1780803574958 0.35697795721054076 5
1780803674953 0.3338745532417297 6
1780803775556 0.3132748277187347 7
1780803875979 0.2942717737770081 8
1780803975852 0.27999118094444275 9
1780804076274 0.2630905647945404 10
1780804173830 0.25321701632976534 11
1780804273976 0.24492173705101014 12
1780804374436 0.23524858726024628 13
1780804474086 0.23545952257156372 14
1780804574475 0.2331929845714569 15
