1781034288280 57.011983470001724 1
1781034354613 59.15314077300718 2
1781034422125 60.32853951200377 3
1781034488426 59.12189579500409 4
1781034555870 60.2652219300071 5
1781034625382 62.32798297499539 6
1781034693907 61.34700860999874 7
1781034763535 62.441057519987226 8
1781034831887 61.461437920996104 9
1781034894184 58.88118991401279 10
1781034957530 56.49665001301037 11
1781035020206 55.80516773999261 12
1781035083882 56.79752138200274 13
1781035151374 60.60271764198842 14
1781035217279 62.45588243099337 15
1781035286063 61.72367696999572 16
1781035354487 61.24451391000184 17
1781035426333 64.66290092500276 18
1781035499852 70.00247947000025 19
1781035568501 65.85059305900359 20
