1781034288280 0.6241443993759155 1
1781034354613 0.4965266916847229 2
1781034422125 0.4358335416507721 3
1781034488426 0.3961695296382904 4
1781034555870 0.364435423002243 5
1781034625382 0.33986421875953676 6
1781034693907 0.3175862266921997 7
1781034763535 0.29818084235191344 8
1781034831887 0.2822277912521362 9
1781034894184 0.26548677384376523 10
1781034957530 0.2523191893196106 11
1781035020206 0.23781947192192077 12
1781035083882 0.23079658222198488 13
1781035151374 0.2216240730857849 14
1781035217279 0.21000651719093322 15
1781035286063 0.20697212895393372 16
1781035354487 0.19972344382762908 17
1781035426333 0.1973103011894226 18
1781035499852 0.19465552201747893 19
1781035568501 0.19745802037239074 20
