1780796079982 0.6630166666666667 1
1780796268307 0.8310666666666666 2
1780796457921 0.8665083333333333 3
1780796645071 0.8842416666666667 4
1780796834630 0.8972166666666667 5
1780797021797 0.9063166666666667 6
1780797212017 0.9121166666666667 7
1780797400263 0.917525 8
1780797591038 0.9220833333333334 9
1780797778167 0.9255416666666667 10
1780797969084 0.9291166666666667 11
1780798156105 0.931725 12
1780798347436 0.9331333333333334 13
1780798535556 0.9340916666666667 14
1780798723101 0.9343166666666667 15
