1780796079982 0.8287911922136942 1
1780796268307 0.47435783427556355 2
1780796457921 0.383764151096344 3
1780796645071 0.3327686098734538 4
1780796834630 0.30036768741607667 5
1780797021797 0.2740403541962306 6
1780797212017 0.25395799837907157 7
1780797400263 0.24046747921307882 8
1780797591038 0.22546382512251537 9
1780797778167 0.21409549684524537 10
1780797969084 0.20589569342136382 11
1780798156105 0.19766494766076406 12
1780798347436 0.19342571148872376 13
1780798535556 0.19027505541245143 14
1780798723101 0.18774965546131134 15
