1780915441718 14.9588163490007 1
1780915458728 14.96781417999955 2
1780915473470 14.736400273000982 3
1780915490587 14.98440072700032 4
1780915505287 14.693305187000078 5
1780915522734 15.110502040999563 6
1780915537855 15.1152099610008 7
1780915555183 15.372970042999441 8
1780915570296 15.108093213999382 9
1780915585378 15.075825498000995 10
1780915601584 14.525040462000106 11
1780915616558 14.96863929400024 12
1780915633823 14.921573243998864 13
1780915648895 15.06730291399981 14
1780915666284 15.305087883998567 15
1780915681727 15.437428696999632 16
1780915699559 15.737656933000835 17
1780915714368 14.803210929998386 18
1780915731994 15.528261206000025 19
1780915746864 14.864457837000373 20
