1780915441718 2.04299139881134 1
1780915458728 1.4610680692672728 2
1780915473470 1.2596204117774963 3
1780915490587 1.1736942974090576 4
1780915505287 1.111509462928772 5
1780915522734 1.0716098753929137 6
1780915537855 1.0463803435325623 7
1780915555183 1.0264175908088684 8
1780915570296 1.0100077926635742 9
1780915585378 0.9995160096168518 10
1780915601584 0.9857310777664184 11
1780915616558 0.9737940978050232 12
1780915633823 0.9655022882461548 13
1780915648895 0.9601889679908753 14
1780915666284 0.9558315958023071 15
1780915681727 0.9486077178001404 16
1780915699559 0.9472080874443054 17
1780915714368 0.9414489727020263 18
1780915731994 0.9419903644561768 19
1780915746864 0.9413884839057922 20
