1780915441718 0.219875 1
1780915458728 0.43685 2
1780915473470 0.506325 3
1780915490587 0.536825 4
1780915505287 0.558225 5
1780915522734 0.571075 6
1780915537855 0.5823 7
1780915555183 0.59215 8
1780915570296 0.598625 9
1780915585378 0.601275 10
1780915601584 0.606275 11
1780915616558 0.61105 12
1780915633823 0.613175 13
1780915648895 0.616425 14
1780915666284 0.617275 15
1780915681727 0.6193 16
1780915699559 0.62025 17
1780915714368 0.62115 18
1780915731994 0.6224 19
1780915746864 0.624325 20
