1780806180610 0.6537779758262634 1
1780806283198 0.49648752771377563 2
1780806385984 0.4416336053657532 3
1780806484956 0.4007331057357788 4
1780806587745 0.3686813936328888 5
1780806690599 0.34852919264793397 6
1780806793207 0.32263018834114077 7
1780806895960 0.3014244369220734 8
1780806998577 0.28506544572353365 9
1780807100881 0.2740441164302826 10
1780807203539 0.2645731860733032 11
1780807303648 0.254863531742096 12
1780807408069 0.24401605237960816 13
1780807512036 0.2422296011543274 14
1780807616598 0.23703698563575745 15
