1780743850763 0.6202554950332642 1
1780743922788 0.48410770963668825 2
1780743996553 0.42341707075119017 3
1780744065745 0.3876608803749084 4
1780744134005 0.35697795721054076 5
1780744201829 0.3338745532417297 6
1780744266109 0.3132748277187347 7
1780744333765 0.2942717737770081 8
1780744401113 0.27999118094444275 9
1780744467144 0.2630905647945404 10
1780744531489 0.25321701632976534 11
1780744595377 0.24492173705101014 12
1780744656066 0.23524858726024628 13
1780744718583 0.23545952257156372 14
1780744780683 0.2331929845714569 15
