1780767388647 0.7911879570643107 1
1780767529408 0.4807108687877655 2
1780767668070 0.3915716844240824 3
1780767814447 0.3421470465024312 4
1780767954639 0.30940537579854327 5
1780768101378 0.28182343498865764 6
1780768243112 0.2615190728267034 7
1780768383931 0.24523982950051626 8
1780768532597 0.22964759250481923 9
1780768674246 0.21765887444814047 10
1780768816546 0.20865707259575525 11
1780768964926 0.20202844579219817 12
1780769106944 0.19645711924235026 13
1780769254465 0.19192890021006268 14
1780769402453 0.19096214003562928 15
