1780749613034 0.6357976560974121 1
1780749679718 0.4858088403892517 2
1780749742983 0.4247772308921814 3
1780749809732 0.38292514422416685 4
1780749876500 0.34937814425468444 5
1780749943330 0.3223384030151367 6
1780750010146 0.2990422572803497 7
1780750076944 0.27586662677764895 8
1780750143740 0.2553863772392273 9
1780750207063 0.23783662675857545 10
1780750273918 0.22372851826667786 11
1780750340789 0.2144976099061966 12
1780750407627 0.206771324672699 13
1780750474455 0.20209919443130492 14
1780750541249 0.20473564873695374 15
