1781114976394 38.50304155500089 1
1781115015063 38.663736261998565 2
1781115054112 39.04281673500009 3
1781115092963 38.845374303000426 4
1781115131587 38.61689691200081 5
1781115170176 38.5839976240004 6
1781115208979 38.79681223499938 7
1781115247631 38.646791692999614 8
1781115286254 38.615904729998874 9
1781115324873 38.61406945700037 10
1781115363922 39.042036077000375 11
1781115402831 38.41065528400031 12
1781115441366 38.529322835998755 13
1781115479979 38.60765387999891 14
1781115518810 38.82432474699999 15
1781115557679 38.86398741499943 16
1781115596488 38.8027083399993 17
1781115635290 38.796326870000485 18
1781115674243 38.94699206900077 19
1781115712885 38.22568255099941 20
