1781114976394 0.203025 1
1781115015063 0.420425 2
1781115054112 0.48775 3
1781115092963 0.532225 4
1781115131587 0.558625 5
1781115170176 0.57305 6
1781115208979 0.584025 7
1781115247631 0.5944 8
1781115286254 0.603825 9
1781115324873 0.605275 10
1781115363922 0.613975 11
1781115402831 0.616425 12
1781115441366 0.620025 13
1781115479979 0.623425 14
1781115518810 0.62905 15
1781115557679 0.6288 16
1781115596488 0.63065 17
1781115635290 0.633225 18
1781115674243 0.631175 19
1781115712885 0.631175 20
