1781114976394 2.0894409669876097 1
1781115015063 1.4891044486999512 2
1781115054112 1.3066714953422547 3
1781115092963 1.1980378269195557 4
1781115131587 1.1295764430999755 5
1781115170176 1.0821549058914184 6
1781115208979 1.052316654586792 7
1781115247631 1.021430478000641 8
1781115286254 1.002920261669159 9
1781115324873 0.9848925815582276 10
1781115363922 0.9719420701980591 11
1781115402831 0.959057737159729 12
1781115441366 0.9446615493774414 13
1781115479979 0.9417791952133179 14
1781115518810 0.9344477232933044 15
1781115557679 0.9326920888900757 16
1781115596488 0.9330971475601196 17
1781115635290 0.9246677017211914 18
1781115674243 0.9271848141670227 19
1781115712885 0.9234817329406738 20
