1780849137774 36.83655045001069 1
1780849178100 36.727361280005425 2
1780849221926 36.64659357001074 3
1780849262232 36.713238389987964 4
1780849302510 36.68762078997679 5
1780849342827 36.72300266998354 6
1780849383104 36.68389002000913 7
1780849423355 36.65885561998584 8
1780849463760 36.81273455999326 9
1780849504031 36.67902002998744 10
1780849547931 36.719305109989364 11
1780849588297 36.774541170016164 12
1780849628564 36.67442373000085 13
1780849668919 36.763558919978095 14
1780849709109 36.59659830000601 15
1780849749334 36.62695818001521 16
1780849789566 36.64616219999152 17
1780849834718 40.0672015369928 18
1780849873123 39.49873709597159 19
1780849915039 37.552744282002095 20
