1780849137774 0.626152638130188 1
1780849178100 0.48211150085449217 2
1780849221926 0.42946029661178586 3
1780849262232 0.3886703985214233 4
1780849302510 0.35905436085700987 5
1780849342827 0.32592645622730254 6
1780849383104 0.30417917407989503 7
1780849423355 0.286606019115448 8
1780849463760 0.26687215292930605 9
1780849504031 0.2450448438167572 10
1780849547931 0.23097735918998719 11
1780849588297 0.21808079676151276 12
1780849628564 0.20948267047405242 13
1780849668919 0.19618878901958467 14
1780849709109 0.18679074382781982 15
1780849749334 0.17750533691644668 16
1780849789566 0.17475662842273712 17
1780849834718 0.17471005173444748 18
1780849873123 0.17087519181728364 19
1780849915039 0.16664349634170533 20
