1780889010602 57.26342245101114 1
1780889069908 57.211275373992976 2
1780889129626 57.43388853300712 3
1780889188944 56.88212351500988 4
1780889247116 56.92345066202688 5
1780889306742 57.13259895899682 6
1780889366352 57.16120034898631 7
1780889425976 57.20415561000118 8
1780889484043 56.81680796798901 9
1780889543511 57.04342699600966 10
1780889602956 57.06907374900766 11
1780889662377 57.0356580989901 12
1780889720728 57.15257648000261 13
1780889780157 57.03659688300104 14
1780889839662 57.109670400008326 15
1780889899090 57.023562500980916 16
1780889958556 57.03084852400934 17
1780890016850 56.99281829802203 18
1780890076433 57.040029934985796 19
1780890136014 57.08963505498832 20
