1780889010602 0.6351538560867309 1
1780889069908 0.48620520016670227 2
1780889129626 0.42752260957717897 3
1780889188944 0.3846957890892029 4
1780889247116 0.3542508709907532 5
1780889306742 0.3241338164615631 6
1780889366352 0.30295187992095945 7
1780889425976 0.27898231452941896 8
1780889484043 0.26047347275733945 9
1780889543511 0.24082945976257325 10
1780889602956 0.22275403403282165 11
1780889662377 0.2119150278520584 12
1780889720728 0.20239873443603515 13
1780889780157 0.18980937009811402 14
1780889839662 0.1803087542104721 15
1780889899090 0.17393193408966065 16
1780889958556 0.16592860905647278 17
1780890016850 0.1647234516954422 18
1780890076433 0.16245724242687226 19
1780890136014 0.160987365899086 20
