1780924115723 35.22677585400015 1
1780924153793 35.15410891200008 2
1780924191405 34.78099299099995 3
1780924229584 35.35345641300228 4
1780924267172 34.765227562998916 5
1780924304719 34.72739675499906 6
1780924342345 34.7948093849991 7
1780924379923 34.73742579100144 8
1780924417577 34.81757303199993 9
1780924455121 34.71066103599878 10
1780924495518 34.74127757899987 11
1780924533109 34.27455473900045 12
1780924571301 35.13204509500065 13
1780924609486 35.17365794700163 14
1780924646965 34.46286833799968 15
1780924686014 36.00548934199833 16
1780924724999 35.914029970997944 17
1780924763497 35.415522814000724 18
1780924803107 36.50908342399998 19
1780924841640 35.13955194400114 20
