1780924115723 2.144558290672302 1
1780924153793 1.7886049110412598 2
1780924191405 1.4239585151672363 3
1780924229584 1.2729404473304748 4
1780924267172 1.1976538192749024 5
1780924304719 1.1422900802612306 6
1780924342345 1.0981482125282287 7
1780924379923 1.0601695762634278 8
1780924417577 1.0357002160072326 9
1780924455121 1.0206364832878112 10
1780924495518 1.003043826198578 11
1780924533109 0.9904454881668091 12
1780924571301 0.981579501914978 13
1780924609486 0.9703918557167053 14
1780924646965 0.9648547658920288 15
1780924686014 0.9529258932113648 16
1780924724999 0.9539093590736389 17
1780924763497 0.9511303751945496 18
1780924803107 0.9473940519332886 19
1780924841640 0.94412658700943 20
