1780750609951 0.6351538560867309 1
1780750673117 0.48638373034477234 2
1780750739518 0.42953557859420777 3
1780750806212 0.386493527097702 4
1780750872783 0.3561917341041565 5
1780750939502 0.32641383390426637 6
1780751006208 0.30555477041244505 7
1780751069308 0.2819439808273315 8
1780751136012 0.26487732368469236 9
1780751202617 0.24701829927921296 10
1780751269213 0.23008235338687896 11
1780751335906 0.22395143489837646 12
1780751402440 0.22067784436702728 13
1780751473377 0.21243014118671416 14
1780751544511 0.20979594175338745 15
