1780915764822 15.012281843999517 1
1780915779523 14.694911786999 2
1780915796796 15.158984936999332 3
1780915811631 14.829401410001083 4
1780915826598 14.96158623500014 5
1780915843552 14.824445895999816 6
1780915858386 14.827858796999863 7
1780915875838 15.12914736699895 8
1780915890566 14.722340603000703 9
1780915908258 15.346029885000462 10
1780915922858 14.59421119199942 11
1780915940257 15.287230153000564 12
1780915955229 14.965220898000553 13
1780915972965 15.366723024999374 14
1780915987242 14.271313600000212 15
1780916004781 15.24806321899996 16
1780916020226 15.43930408900087 17
1780916038084 15.597313516000213 18
1780916052953 14.862327449000077 19
1780916068501 15.5427676599993 20
