1780915764822 2.058013470649719 1
1780915779523 1.4872256212234498 2
1780915796796 1.258882737636566 3
1780915811631 1.1821959594726563 4
1780915826598 1.118997759437561 5
1780915843552 1.0715576302528382 6
1780915858386 1.0427484922409058 7
1780915875838 1.0204949324607848 8
1780915890566 1.0021200425148011 9
1780915908258 0.9870626149177552 10
1780915922858 0.9742633143424988 11
1780915940257 0.9670299071311951 12
1780915955229 0.9577016429901123 13
1780915972965 0.9460209000587463 14
1780915987242 0.9450135248184204 15
1780916004781 0.9348524806976318 16
1780916020226 0.9345976414680481 17
1780916038084 0.9283042105674744 18
1780916052953 0.9273981791496276 19
1780916068501 0.9278079098701477 20
