1781102529081 38.0218771169998 1
1781102570147 38.05472527600023 2
1781102611548 38.70683294900027 3
1781102655636 38.9463546410002 4
1781102696780 38.548800274000314 5
1781102738339 38.95637720200011 6
1781102781018 38.83494788500002 7
1781102822306 38.681292149 8
1781102863370 38.444901627000036 9
1781102904888 38.89867434400003 10
1781102948903 38.76988574000006 11
1781102990466 38.93256904200007 12
1781103031514 38.41437002600014 13
1781103072758 38.028204562000155 14
1781103114357 38.65253458899997 15
1781103158445 38.326951350999934 16
1781103199722 37.886640833 17
1781103240949 38.06819571400001 18
1781103282286 38.11758807199976 19
1781103323327 37.781087329 20
