1781102529081 2.093665625 1
1781102570147 1.5084980010986329 2
1781102611548 1.2264314190864563 3
1781102655636 1.0930486825942993 4
1781102696780 1.0321048584938048 5
1781102738339 0.9968024256706238 6
1781102781018 0.9673464552879334 7
1781102822306 0.9451127395629882 8
1781102863370 0.9288224277496337 9
1781102904888 0.911191812324524 10
1781102948903 0.9015308605194092 11
1781102990466 0.8877350443840026 12
1781103031514 0.8838345810890198 13
1781103072758 0.8743873816490173 14
1781103114357 0.8687190191268921 15
1781103158445 0.8627863803863526 16
1781103199722 0.8609275401115417 17
1781103240949 0.8585422508239746 18
1781103282286 0.8574836152076721 19
1781103323327 0.8577735641479493 20
