1780866232130 16.406342931004474 1
1780866251120 16.112320379004814 2
1780866270271 16.495747870998457 3
1780866286876 16.598835118988063 4
1780866306556 17.130610719003016 5
1780866322882 16.320706953003537 6
1780866342568 17.065404488996137 7
1780866359203 16.62925114601967 8
1780866378515 16.697960123012308 9
1780866394976 16.45644483799697 10
1780866414235 16.64658334798878 11
1780866431410 17.169868064986076 12
1780866450463 16.43816452601459 13
1780866467009 16.54008094398887 14
1780866486074 16.441679951996775 15
1780866502665 16.58567125798436 16
1780866522420 17.026062913995702 17
1780866537903 15.477292563009541 18
1780866557986 17.321049830992706 19
1780866573880 15.88841728499392 20
