1780866232130 0.6713552736473084 1
1780866251120 0.591164708518982 2
1780866270271 0.5522323166656494 3
1780866286876 0.5193014832115174 4
1780866306556 0.49355751594543457 5
1780866322882 0.46857544951438906 6
1780866342568 0.443196903591156 7
1780866359203 0.42319753593444825 8
1780866378515 0.40299413774490356 9
1780866394976 0.38864983324050906 10
1780866414235 0.3698999126243591 11
1780866431410 0.3570195608043671 12
1780866450463 0.34429969228744506 13
1780866467009 0.3316008495426178 14
1780866486074 0.3189739867591858 15
1780866502665 0.31270444171905515 16
1780866522420 0.31140065700531006 17
1780866537903 0.30333778409957884 18
1780866557986 0.30510799607276917 19
1780866573880 0.30321519063949587 20
