1780932229250 38.50922420999996 1
1780932274817 38.387136959998315 2
1780932317103 38.691543869997986 3
1780932359035 38.33792514000015 4
1780932401089 38.46344705999945 5
1780932443214 38.531000520000816 6
1780932489553 39.15894825000214 7
1780932531644 38.497093199999654 8
1780932573714 38.476147319997835 9
1780932616160 38.853440099999716 10
1780932658096 38.34235700999852 11
1780932703898 38.62189998000031 12
1780932746360 38.86932555000021 13
1780932788713 38.758822920000966 14
1780932830957 38.65138407000268 15
1780932873304 38.75498316000085 16
1780932919804 39.320052390001365 17
1780932961898 38.50022277000244 18
1780933004075 38.58339500999864 19
1780933046202 38.53342143000191 20
