1780932229250 2.0282472803115845 1
1780932274817 1.3990460590362548 2
1780932317103 1.20719857378006 3
1780932359035 1.106759574699402 4
1780932401089 1.0489502264022827 5
1780932443214 1.0099251693725586 6
1780932489553 0.9803940101623535 7
1780932531644 0.9578149808883667 8
1780932573714 0.936435467338562 9
1780932616160 0.9211863633155822 10
1780932658096 0.9040287620544434 11
1780932703898 0.8980136733055115 12
1780932746360 0.8878219922065735 13
1780932788713 0.8771844738960266 14
1780932830957 0.8699326065063476 15
1780932873304 0.8699041051864624 16
1780932919804 0.8597752596855164 17
1780932961898 0.8575284927368164 18
1780933004075 0.8581080404281616 19
1780933046202 0.8567030851364136 20
