1780917924371 16.67181936199995 1
1780917944327 17.432591082999352 2
1780917961299 16.96663278699998 3
1780917981255 17.470925184001317 4
1780917998051 16.7903766169984 5
1780918018053 17.542516826000792 6
1780918036881 18.82324804200107 7
1780918058385 19.00649417400018 8
1780918079835 18.97388582700114 9
1780918097674 17.83421922999878 10
1780918119135 18.88920611100002 11
1780918137636 18.494201890000113 12
1780918158802 18.618433761999768 13
1780918177166 18.35848970599909 14
1780918198428 18.690893102999325 15
1780918219328 18.60458580500017 16
1780918237855 18.519926621000195 17
1780918258736 18.75091593199977 18
1780918277533 18.79161424599988 19
1780918299144 19.496232174000397 20
