1780917924371 2.024039618873596 1
1780917944327 1.4827844791412355 2
1780917961299 1.2484263545036316 3
1780917981255 1.1603332356452942 4
1780917998051 1.0988290797233582 5
1780918018053 1.0660948266029358 6
1780918036881 1.0335320637702943 7
1780918058385 1.0085348286628724 8
1780918079835 0.9866908750534058 9
1780918097674 0.972989128780365 10
1780918119135 0.9546746946334839 11
1780918137636 0.9468264384269715 12
1780918158802 0.9339084259986877 13
1780918177166 0.9235643723487854 14
1780918198428 0.9170640833854675 15
1780918219328 0.9109824857711792 16
1780918237855 0.9056301334381104 17
1780918258736 0.9041360473632812 18
1780918277533 0.9012180158615112 19
1780918299144 0.8960568427085877 20
