1780842084262 26.757784169982187 1
1780842114732 26.87810525999521 2
1780842145066 26.74042991999886 3
1780842175410 26.75341530001606 4
1780842205988 27.094302637997316 5
1780842236368 27.081038158998126 6
1780842263401 27.028477829997428 7
1780842293715 26.865234180004336 8
1780842324128 26.818147979996866 9
1780842354506 26.785744649998378 10
1780842384894 26.7966495899891 11
1780842415341 26.85562586999731 12
1780842442097 26.749797390017193 13
1780842472469 26.779746240004897 14
1780842502883 26.82315638998989 15
1780842533285 26.807960969978012 16
1780842563670 26.79359976001433 17
1780842594082 26.81919116998324 18
1780842621011 26.92403603999992 19
1780842651472 26.870673240016913 20
