1780842084262 0.6318275099372864 1
1780842114732 0.49157811836242676 2
1780842145066 0.4305110788822174 3
1780842175410 0.3885110910987854 4
1780842205988 0.3616182936763763 5
1780842236368 0.33207164665222166 6
1780842263401 0.3076646122360229 7
1780842293715 0.2869317118167877 8
1780842324128 0.26785947288513184 9
1780842354506 0.25015271282196044 10
1780842384894 0.23413714609622954 11
1780842415341 0.22430496847629547 12
1780842442097 0.21006878949165345 13
1780842472469 0.20186294346809386 14
1780842502883 0.19161389678001403 15
1780842533285 0.1885642868244648 16
1780842563670 0.17906788559913636 17
1780842594082 0.1778873363542557 18
1780842621011 0.17215824084758757 19
1780842651472 0.17707553169727325 20
