1780838770315 22.676122431003023 1
1780838796478 22.769415393006057 2
1780838822542 22.664716030994896 3
1780838845151 22.60307556699263 4
1780838871148 22.59318018401973 5
1780838897208 22.655577449011616 6
1780838923199 22.514074020000407 7
1780838945631 22.426438476977637 8
1780838971963 22.740105423989007 9
1780838998193 22.731954513001256 10
1780839020812 22.614749080996262 11
1780839047038 22.731693879992235 12
1780839073159 22.61590780300321 13
1780839095672 22.507268441986525 14
1780839121775 22.647328571008984 15
1780839147937 22.683766686008312 16
1780839173902 22.640147255006013 17
1780839196615 22.70755391198327 18
1780839222843 22.931119222019333 19
1780839248853 22.718621845007874 20
