1780838770315 0.6453605520820618 1
1780838796478 0.5060344823265076 2
1780838822542 0.4390453680610657 3
1780838845151 0.39449112533569336 4
1780838871148 0.36146190172195436 5
1780838897208 0.3324798537540436 6
1780838923199 0.30996839017868044 7
1780838945631 0.2963998189973831 8
1780838971963 0.2737784774971008 9
1780838998193 0.2547470007324219 10
1780839020812 0.24266774186611176 11
1780839047038 0.23501928699016572 12
1780839073159 0.21862833533763887 13
1780839095672 0.21088299498081206 14
1780839121775 0.20293462738990783 15
1780839147937 0.19480347755670546 16
1780839173902 0.19152212587356568 17
1780839196615 0.18783632600307465 18
1780839222843 0.18606382664680482 19
1780839248853 0.18551267680168151 20
