1781025948184 62.619911280009546 1
1781026009391 57.61429847999534 2
1781026072866 56.29540895999526 3
1781026136653 56.633088085989584 4
1781026199858 56.44159749400569 5
1781026259911 56.460447720004595 6
1781026323301 56.20848318000208 7
1781026384538 54.057033539997065 8
1781026443986 52.26857432999532 9
1781026499856 52.27683678000176 10
1781026559580 52.54577585999505 11
1781026615801 52.6274854200019 12
1781026675536 52.55426754000655 13
1781026735259 52.54308396000124 14
1781026791346 52.49347082999884 15
1781026851210 52.68429981000372 16
1781026910961 52.570734569992055 17
1781026967092 52.53880985999422 18
1781027026984 52.71215777999896 19
1781027083243 52.666951499995776 20
