1781025948184 0.625261744632721 1
1781026009391 0.489408492193222 2
1781026072866 0.43059604471206664 3
1781026136653 0.3881634994029999 4
1781026199858 0.35989895270347594 5
1781026259911 0.33467133884429934 6
1781026323301 0.3102523647117615 7
1781026384538 0.2904127360916138 8
1781026443986 0.2756934172534943 9
1781026499856 0.26122967054367063 10
1781026559580 0.24258122084617614 11
1781026615801 0.22722770889282226 12
1781026675536 0.21886906228542327 13
1781026735259 0.20976188474655152 14
1781026791346 0.19880522258758546 15
1781026851210 0.19645511520385742 16
1781026910961 0.18870273436546325 17
1781026967092 0.1864283389520645 18
1781027026984 0.18258478907585143 19
1781027083243 0.18229111421108246 20
