1780864679385 58.55682927899761 1
1780864741464 60.274118411995005 2
1780864802145 58.27133261601557 3
1780864863163 57.82401688199025 4
1780864926087 58.67009370299638 5
1780864988272 57.516439360013464 6
1780865048177 57.584826113976305 7
1780865110382 57.55909813102335 8
1780865172547 57.49863138599903 9
1780865235081 57.815012134000426 10
1780865297384 57.19089584099129 11
1780865356992 56.928981177014066 12
1780865419470 57.18673648897675 13
1780865482339 57.41002597598708 14
1780865544877 56.88306486100191 15
1780865604718 56.98924729099963 16
1780865666649 56.8674830099917 17
1780865729455 56.978219103999436 18
1780865791741 57.25288520299364 19
1780865854047 57.14539306299412 20
