1780864679385 0.6351538560867309 1
1780864741464 0.48620520016670227 2
1780864802145 0.42752260957717897 3
1780864863163 0.3846957890892029 4
1780864926087 0.3542508709907532 5
1780864988272 0.3241338164615631 6
1780865048177 0.30295187992095945 7
1780865110382 0.27898231452941896 8
1780865172547 0.26047347275733945 9
1780865235081 0.24082945976257325 10
1780865297384 0.22275403403282165 11
1780865356992 0.2119150278520584 12
1780865419470 0.20239873443603515 13
1780865482339 0.18980937009811402 14
1780865544877 0.1803087542104721 15
1780865604718 0.17393193408966065 16
1780865666649 0.16592860905647278 17
1780865729455 0.1647234516954422 18
1780865791741 0.16245724242687226 19
1780865854047 0.160987365899086 20
