1780863362610 68.79484240600141 1
1780863435651 68.6656743689964 2
1780863505638 65.33614555900567 3
1780863575384 65.12909433001187 4
1780863645576 65.59923826198792 5
1780863717332 67.16682297401712 6
1780863787947 66.00798804298392 7
1780863857249 64.42634037800599 8
1780863926878 64.56936044699978 9
1780863996097 64.19797489899793 10
1780864058526 57.401376875001006 11
1780864118361 57.30184716699296 12
1780864180735 57.2741114179953 13
1780864243438 57.50416330402368 14
1780864305978 57.48565451402101 15
1780864368291 57.55761149301543 16
1780864427882 57.34805170499021 17
1780864490037 57.84559151000576 18
1780864552584 58.47196285100654 19
1780864614971 58.53239514699089 20
