1780863362610 0.6357976560974121 1
1780863435651 0.48514988246917723 2
1780863505638 0.42593810752868655 3
1780863575384 0.383465708732605 4
1780863645576 0.34936841691970827 5
1780863717332 0.3219119063854218 6
1780863787947 0.29713128454208376 7
1780863857249 0.2729465152168274 8
1780863926878 0.25220185289382935 9
1780863996097 0.23254238626480103 10
1780864058526 0.21428217374801636 11
1780864118361 0.19998658015727996 12
1780864180735 0.1890049716091156 13
1780864243438 0.17597884204864503 14
1780864305978 0.1732278672027588 15
1780864368291 0.1598166231107712 16
1780864427882 0.15592355753421783 17
1780864490037 0.15327152656018733 18
1780864552584 0.14783647515058518 19
1780864614971 0.14825384661197663 20
