1781110118894 36.12530762999995 1
1781110158834 36.34684694999851 2
1781110198656 36.228743640000175 3
1781110238393 36.14401926000028 4
1781110278212 36.22719483000037 5
1781110321682 36.29096244000175 6
1781110361628 36.35329770000135 7
1781110401489 36.26811936000013 8
1781110441366 36.28460403000099 9
1781110481263 36.30394178999995 10
1781110521275 36.41897880000033 11
1781110561156 36.288120960000015 12
1781110601048 36.29969873399932 13
1781110644390 36.475771612000244 14
1781110684225 36.25368767999862 15
1781110724045 36.22690413000055 16
1781110763843 36.193813649999356 17
1781110803713 36.27666494999903 18
1781110843753 36.44724384000074 19
1781110883474 36.12827583000035 20
