1781110118894 2.193787428665161 1
1781110158834 1.58363950881958 2
1781110198656 1.3470414310455323 3
1781110238393 1.225215355014801 4
1781110278212 1.1313601650238037 5
1781110321682 1.0764356123924255 6
1781110361628 1.0353485151290893 7
1781110401489 1.0114843673706055 8
1781110441366 0.9858971701622009 9
1781110481263 0.9666732226371765 10
1781110521275 0.9560164074897766 11
1781110561156 0.9399905143737793 12
1781110601048 0.934766224861145 13
1781110644390 0.9238574803352356 14
1781110684225 0.9193115913391113 15
1781110724045 0.9142394749641418 16
1781110763843 0.906552171421051 17
1781110803713 0.9065659367561341 18
1781110843753 0.9041867385864257 19
1781110883474 0.9041746129989624 20
