1781029495560 53.9387280880037 1
1781029555324 54.00044851299026 2
1781029615060 53.969169156989665 3
1781029672042 54.10314468300203 4
1781029731631 53.93475469600526 5
1781029791211 53.9096442959999 6
1781029848076 54.02321144400048 7
1781029907861 54.612004233000334 8
1781029967639 53.90504742000485 9
1781030024458 53.878345395001816 10
1781030084102 53.76710952499707 11
1781030143845 53.86511013600102 12
1781030200626 53.8424685630016 13
1781030260328 53.82431326400547 14
1781030319915 53.71082978899358 15
1781030376738 53.88193625000713 16
1781030436473 53.85924456700741 17
1781030496199 53.84980369498953 18
1781030552948 53.871984609999345 19
1781030612529 53.72424627200235 20
