1781029495560 0.6361241760635375 1
1781029555324 0.4874591736984253 2
1781029615060 0.4271629758644104 3
1781029672042 0.3853310040473938 4
1781029731631 0.350230654296875 5
1781029791211 0.3237879220104218 6
1781029848076 0.29804587482452394 7
1781029907861 0.2773949962615967 8
1781029967639 0.2601988269996643 9
1781030024458 0.2456285604953766 10
1781030084102 0.22518944238424302 11
1781030143845 0.21085162590026854 12
1781030200626 0.1982080607509613 13
1781030260328 0.18487588138103486 14
1781030319915 0.17944372121810914 15
1781030376738 0.17504085299730301 16
1781030436473 0.16441049952030182 17
1781030496199 0.16699733728408814 18
1781030552948 0.16029745038986207 19
1781030612529 0.1579530960035324 20
