1781103365700 37.91217354799983 1
1781103410265 37.78727674499987 2
1781103451801 37.94375548400012 3
1781103492881 37.786658050999904 4
1781103535026 38.724879195000085 5
1781103575533 37.50801129299998 6
1781103620368 38.75010344800012 7
1781103662087 38.12844928100003 8
1781103702469 38.43762526299997 9
1781103744573 38.54636787000027 10
1781103785026 37.80250240600026 11
1781103826742 38.15454521499987 12
1781103871249 38.01336898699992 13
1781103912298 38.04215119299988 14
1781103953904 38.082158089999666 15
1781103994711 37.82714696799985 16
1781104036275 38.336592057000416 17
1781104080855 38.51835042499988 18
1781104121943 37.96741176600062 19
1781104163293 38.203200584000115 20
