1781103365700 2.1679533393859862 1
1781103410265 1.5897976600646972 2
1781103451801 1.2084320296287536 3
1781103492881 1.0912809054374695 4
1781103535026 1.046303966999054 5
1781103575533 1.0074383585929871 6
1781103620368 0.9813782282829284 7
1781103662087 0.9592720920562744 8
1781103702469 0.9405553314208984 9
1781103744573 0.9287478449821472 10
1781103785026 0.9116729731559754 11
1781103826742 0.902595858669281 12
1781103871249 0.8904259356498718 13
1781103912298 0.8858082672119141 14
1781103953904 0.8764729455947876 15
1781103994711 0.8757153270721435 16
1781104036275 0.8670262213706971 17
1781104080855 0.8676260263442993 18
1781104121943 0.8662361371994018 19
1781104163293 0.8626685326576233 20
