1780840922323 25.564901634992566 1
1780840951162 25.63555058799102 2
1780840976809 25.642717398004606 3
1780841005627 25.613330537016736 4
1780841034463 25.633801444986602 5
1780841063353 25.686397846002365 6
1780841092226 25.66926790800062 7
1780841117836 25.605116369988536 8
1780841146666 25.62804075499298 9
1780841175472 25.602787089999765 10
1780841204286 25.610172088985564 11
1780841229885 25.595307283016155 12
1780841258951 25.86212077201344 13
1780841287826 25.670243657019455 14
1780841316595 25.51545718801208 15
1780841345527 25.34364368999377 16
1780841370921 25.389536400005454 17
1780841399884 25.371046439977363 18
1780841428851 25.37531487000524 19
1780841457986 25.677142788976198 20
