1780840922323 0.6127950043869018 1
1780840951162 0.49186805245399473 2
1780840976809 0.4347926202583313 3
1780841005627 0.3977991540718079 4
1780841034463 0.3630617193984985 5
1780841063353 0.3391216652107239 6
1780841092226 0.3160606457424164 7
1780841117836 0.29078488626480103 8
1780841146666 0.27639707339286806 9
1780841175472 0.26120506497383117 10
1780841204286 0.2431952303123474 11
1780841229885 0.23435570435523986 12
1780841258951 0.22433387036323546 13
1780841287826 0.21076625858306886 14
1780841316595 0.2051651428294182 15
1780841345527 0.19639305202007293 16
1780841370921 0.19065582530021669 17
1780841399884 0.18735178600311278 18
1780841428851 0.18562557262420654 19
1780841457986 0.18646869701862334 20
