1780867835248 21.806547090993263 1
1780867858287 20.453710920002777 2
1780867882654 21.046102961990982 3
1780867903814 21.15429914701963 4
1780867924653 20.833079352014465 5
1780867952387 24.172167815006105 6
1780867972361 21.134031761001097 7
1780867996347 22.287955142004648 8
1780868019094 22.74147151800571 9
1780868042340 23.241545774013503 10
1780868067305 22.93898576599895 11
1780868088447 21.137328797020018 12
1780868112442 21.82981956601725 13
1780868135701 20.95180145598715 14
1780868157068 21.360516555025242 15
1780868180850 21.516867171012564 16
1780868204421 21.070934429008048 17
1780868225852 21.42582482600119 18
1780868250376 22.349799667019397 19
1780868273814 20.922797233011806 20
