1780867835248 0.6545969368362426 1
1780867858287 0.5367873981666565 2
1780867882654 0.4822559587669373 3
1780867903814 0.44121462600708006 4
1780867924653 0.4118111277294159 5
1780867952387 0.38522601470947265 6
1780867972361 0.36454623811721804 7
1780867996347 0.34470998511314394 8
1780868019094 0.32628932634353636 9
1780868042340 0.30961290459632873 10
1780868067305 0.29367292078971863 11
1780868088447 0.2816440412139893 12
1780868112442 0.26924968732833865 13
1780868135701 0.2584085243797302 14
1780868157068 0.24860337539434432 15
1780868180850 0.24477719232559203 16
1780868204421 0.2399677559185028 17
1780868225852 0.23124665053367616 18
1780868250376 0.23178475674152374 19
1780868273814 0.23393935585975648 20
