1780787615271 0.6179958069515228 1
1780787724690 0.4919943682861328 2
1780787834092 0.4362298002624512 3
1780787942903 0.3962452785873413 4
1780788052797 0.36279632405281065 5
1780788162160 0.33260426716804503 6
1780788271396 0.31031757894515993 7
1780788381421 0.2885558475112915 8
1780788490524 0.268509503698349 9
1780788600158 0.2527211107158661 10
1780788709493 0.24239884209632873 11
1780788818792 0.23310400616645813 12
1780788927764 0.2280923459339142 13
1780789038094 0.21980063829421997 14
1780789147002 0.21789352285385133 15
