1780742781096 0.633231386051178 1
1780742851424 0.4956103231239319 2
1780742921298 0.4393504765892029 3
1780742991698 0.397181686000824 4
1780743061783 0.36594320484161375 5
1780743131676 0.33948182069778443 6
1780743204378 0.3178618086242676 7
1780743278940 0.29686647171974184 8
1780743353543 0.28186290899276734 9
1780743427887 0.26517966217041017 10
1780743502348 0.25352797829627993 11
1780743570552 0.24192410625457764 12
1780743637039 0.2394204489803314 13
1780743706998 0.23189639328479766 14
1780743778496 0.2332129565858841 15
