1780912476406 11.870362829999976 1
1780912491282 13.078476937999767 2
1780912503439 12.151986717 3
1780912517185 11.907636210000419 4
1780912529317 12.126473583000006 5
1780912541195 11.872412789000009 6
1780912555547 12.507891961000496 7
1780912566981 11.428510568999627 8
1780912578818 11.83167082 9
1780912592400 11.778464916000303 10
1780912604425 12.020640693999667 11
1780912617875 11.861537597999813 12
1780912631829 13.94867411300038 13
1780912644082 12.24740240400024 14
1780912658055 12.28261917599957 15
1780912669880 11.820136315999662 16
1780912683814 12.239324789999955 17
1780912696304 12.485783815999639 18
1780912708168 11.858256407999761 19
1780912722204 12.338467612000386 20
