1780912476406 2.2384011180877685 1
1780912491282 2.1504095163345336 2
1780912503439 2.121469429206848 3
1780912517185 2.1104450147628784 4
1780912529317 2.0978621746063233 5
1780912541195 2.0898362157821655 6
1780912555547 2.082280045890808 7
1780912566981 2.074997659111023 8
1780912578818 2.0721882667541505 9
1780912592400 2.066656371307373 10
1780912604425 2.0606486337661742 11
1780912617875 2.059798519897461 12
1780912631829 2.0549096128463744 13
1780912644082 2.0511382202148436 14
1780912658055 2.0489058893203733 15
1780912669880 2.0484190076828 16
1780912683814 2.045131731033325 17
1780912696304 2.0431349115371704 18
1780912708168 2.043419003105164 19
1780912722204 2.0443536878585817 20
