1780757835241 0.6357976560974121 1
1780757902116 0.4858088403892517 2
1780757969118 0.4247772308921814 3
1780758036115 0.38292514422416685 4
1780758103093 0.34937814425468444 5
1780758173510 0.3223384030151367 6
1780758244903 0.2990422572803497 7
1780758315882 0.27586662677764895 8
1780758388072 0.2553863772392273 9
1780758462938 0.23783662675857545 10
1780758533645 0.22372851826667786 11
1780758601936 0.2144976099061966 12
1780758669739 0.206771324672699 13
1780758739461 0.20209919443130492 14
1780758809074 0.20473564873695374 15
