1780790413265 0.8153712841033935 1
1780790602982 0.4663095811843872 2
1780790792625 0.38366690526008607 3
1780790980684 0.33589806383450826 4
1780791169825 0.30260941189130147 5
1780791359235 0.27861117995580037 6
1780791546979 0.2579386089881261 7
1780791737648 0.2419102924267451 8
1780791927895 0.2273427198410034 9
1780792116448 0.21633528748353323 10
1780792305621 0.20586534101168313 11
1780792494353 0.19978947353363036 12
1780792681697 0.19438263722260793 13
1780792871396 0.19012170921166738 14
1780793060223 0.18876973626613616 15
