1780763006864 0.8033714317003886 1
1780763091052 0.4966145342508952 2
1780763172591 0.399247810792923 3
1780763254872 0.35018521800041197 4
1780763328871 0.31408775944709777 5
1780763402697 0.2869553775628408 6
1780763476263 0.26823232271671293 7
1780763550491 0.24902813419500985 8
1780763628604 0.2357803240855535 9
1780763704935 0.2240688843727112 10
1780763781662 0.21355704084237417 11
1780763858105 0.20666429582834245 12
1780763933970 0.2006690375963847 13
1780764012401 0.19822045584519704 14
1780764092676 0.19362362875938416 15
