1780918326111 23.953977156999827 1
1780918350035 23.918769362999228 2
1780918376089 23.888186873999075 3
1780918402157 23.726600203001 4
1780918428575 23.913475838999148 5
1780918453572 24.99131166799998 6
1780918480449 24.309495968000192 7
1780918507343 24.394951906999268 8
1780918533807 23.893129575000785 9
1780918557421 23.607624214999305 10
1780918584060 23.947782286999427 11
1780918610590 23.81303580000167 12
1780918637277 23.976903174001563 13
1780918660416 23.132495111000026 14
1780918686911 23.92382690699924 15
1780918713540 23.883158190001268 16
1780918739404 24.051668058998985 17
1780918762526 23.11630585199964 18
1780918789757 24.367489062999084 19
1780918816042 24.189993445001164 20
