1780918326111 2.0967344829559327 1
1780918350035 1.5252593208312988 2
1780918376089 1.298222410583496 3
1780918402157 1.1928320004463195 4
1780918428575 1.1322370399475097 5
1780918453572 1.0905584113121032 6
1780918480449 1.059758232498169 7
1780918507343 1.0361931436538696 8
1780918533807 1.0169616923332214 9
1780918557421 0.9975440522193909 10
1780918584060 0.9867643222808838 11
1780918610590 0.97345893201828 12
1780918637277 0.966742725276947 13
1780918660416 0.9552538774490357 14
1780918686911 0.9458355856895446 15
1780918713540 0.9416945041656494 16
1780918739404 0.9398467614173889 17
1780918762526 0.932714310836792 18
1780918789757 0.9316131731987 19
1780918816042 0.9329828078269958 20
