1780916089216 17.694092951998755 1
1780916109561 18.089755224998953 2
1780916127135 17.567927804000647 3
1780916147673 18.213187032999485 4
1780916165385 17.706427265000457 5
1780916185885 18.13639459300066 6
1780916203569 17.67775370000163 7
1780916223592 17.778534265999042 8
1780916243369 17.524909436999224 9
1780916261232 17.8567326529992 10
1780916281316 17.916382167999473 11
1780916298504 17.182225916998505 12
1780916317486 16.880247191998933 13
1780916334155 16.663998840000204 14
1780916352473 16.5084759399997 15
1780916369139 16.660246145998826 16
1780916388090 16.939047303001644 17
1780916404735 16.638903195998864 18
1780916424047 17.29324733499925 19
1780916440691 16.63869849799994 20
