1780916089216 2.06342498550415 1
1780916109561 1.460244239616394 2
1780916127135 1.2899648241043091 3
1780916147673 1.2058676044464112 4
1780916165385 1.1382892957687378 5
1780916185885 1.0968689442634583 6
1780916203569 1.0707749258041381 7
1780916223592 1.0344812213897705 8
1780916243369 1.0147879833221436 9
1780916261232 0.9826697360992431 10
1780916281316 0.9720914741516113 11
1780916298504 0.9567910535812378 12
1780916317486 0.9417137630462646 13
1780916334155 0.9361841620445251 14
1780916352473 0.9268380382537842 15
1780916369139 0.921809808254242 16
1780916388090 0.9198280573844909 17
1780916404735 0.9163349174499512 18
1780916424047 0.9157351153373718 19
1780916440691 0.910778184223175 20
