1780804596016 0.792080655002594 1
1780804784810 0.4628701686700185 2
1780804970852 0.37941112979253133 3
1780805156669 0.33168859032789866 4
1780805342707 0.2991810578664144 5
1780805532121 0.2750383904774984 6
1780805718232 0.25364681583245596 7
1780805904190 0.23790268781979879 8
1780806090614 0.2235511436621348 9
1780806282402 0.2105557077328364 10
1780806470600 0.2022113368233045 11
1780806658592 0.19572932128111523 12
1780806848854 0.19068826003472011 13
1780807036125 0.18536951671044033 14
1780807223395 0.1836276050289472 15
