1780839272705 22.826837082975544 1
1780839298803 22.790433621994453 2
1780839324729 22.640044886997202 3
1780839350750 22.637685532012256 4
1780839373543 22.787814385985257 5
1780839399489 22.65259957301896 6
1780839425576 22.647822418017313 7
1780839448284 22.703589734999696 8
1780839474265 22.67373318702448 9
1780839500433 22.709129581984598 10
1780839523109 22.670991149992915 11
1780839549111 22.68494262601598 12
1780839575248 22.737178701994708 13
1780839601316 22.604187960998388 14
1780839624176 22.855550050997408 15
1780839650249 22.871744945005048 16
1780839676297 22.94317149600829 17
1780839699119 22.817185711988714 18
1780839727193 24.961548105988186 19
1780839754254 23.938557994988514 20
