1780839272705 0.6487917239379882 1
1780839298803 0.5037601125526429 2
1780839324729 0.4456871588897705 3
1780839350750 0.3992866099643707 4
1780839373543 0.36686424946784973 5
1780839399489 0.335706035823822 6
1780839425576 0.3151128135728836 7
1780839448284 0.29618146341323853 8
1780839474265 0.2787627282524109 9
1780839500433 0.265792040348053 10
1780839523109 0.25137630767822267 11
1780839549111 0.23980706854820252 12
1780839575248 0.2259057674074173 13
1780839601316 0.2184365402650833 14
1780839624176 0.2032313525533676 15
1780839650249 0.20264388066291808 16
1780839676297 0.19796195910453795 17
1780839699119 0.19473637597084045 18
1780839727193 0.1922830508184433 19
1780839754254 0.18919936756372452 20
