1780764189204 0.7997103577295939 1
1780764281404 0.47066329919497174 2
1780764376645 0.3896473436991374 3
1780764472830 0.34034797137578326 4
1780764567385 0.30889633761247 5
1780764660025 0.28083321900367736 6
1780764756064 0.2619256626288096 7
1780764855728 0.244543777068456 8
1780764952272 0.23137921113173168 9
1780765055834 0.2173988751967748 10
1780765160571 0.20934373262325923 11
1780765263967 0.19982806555430094 12
1780765362349 0.1958441499431928 13
1780765457887 0.19244960148731868 14
1780765555726 0.1891736495176951 15
