1780890195778 55.07301570099662 1
1780890252411 55.32260795799084 2
1780890310302 55.27418575901538 3
1780890368166 54.98151176099782 4
1780890424260 54.61453176100622 5
1780890482054 54.83814758399967 6
1780890540036 54.958773060992826 7
1780890597664 54.67416343401419 8
1780890653724 54.68233751898515 9
1780890711518 54.757235338998726 10
1780890769362 54.90354302400374 11
1780890825582 54.643363895011134 12
1780890883211 54.679657560016494 13
1780890941046 54.87661251600366 14
1780890997282 54.751906473975396 15
1780891054986 54.7428362990031 16
1780891112719 54.73240734898718 17
1780891170394 54.56943386999774 18
1780891226478 54.73887785899569 19
1780891284286 54.761472077982035 20
