1780890195778 0.6179958069515228 1
1780890252411 0.49103996265411376 2
1780890310302 0.43649179880142214 3
1780890368166 0.39608056104660033 4
1780890424260 0.36276846163749693 5
1780890482054 0.3297952317523956 6
1780890540036 0.30858260673522947 7
1780890597664 0.28473941912651063 8
1780890653724 0.2643626803684235 9
1780890711518 0.2470613424062729 10
1780890769362 0.23003765097618104 11
1780890825582 0.21736959518432616 12
1780890883211 0.21013142605781554 13
1780890941046 0.19452404144287108 14
1780890997282 0.1864174885368347 15
1780891054986 0.17755564600944518 16
1780891112719 0.17144306000232695 17
1780891170394 0.17152246864795684 18
1780891226478 0.16788740043640138 19
1780891284286 0.16194723996162413 20
