1780912734930 12.137300295999921 1
1780912746924 11.98914751600023 2
1780912760292 11.670348780000495 3
1780912773667 13.36966264199964 4
1780912787373 12.008214172999942 5
1780912799732 12.353997250000248 6
1780912811909 12.17141520200039 7
1780912825761 12.153465983000387 8
1780912837706 11.93957427100031 9
1780912849597 11.886570089000088 10
1780912863204 11.90418354600115 11
1780912875269 12.060434404998887 12
1780912890790 13.822257678000824 13
1780912902635 11.839696449998883 14
1780912914461 11.82085672699941 15
1780912928128 11.970736063000004 16
1780912940046 11.912652838000213 17
1780912952111 12.06014573900029 18
1780912966005 12.207422400999349 19
1780912979891 13.880701767999199 20
