1780912734930 2.250391760635376 1
1780912746924 2.1584324138641358 2
1780912760292 2.125769025993347 3
1780912773667 2.1077182052612304 4
1780912787373 2.0949255641937254 5
1780912799732 2.08678809967041 6
1780912811909 2.0769328987121582 7
1780912825761 2.072711770057678 8
1780912837706 2.0681099731445314 9
1780912849597 2.0610682611465454 10
1780912863204 2.0562497634887693 11
1780912875269 2.0556305952072145 12
1780912890790 2.049635340690613 13
1780912902635 2.0464940963745115 14
1780912914461 2.0445504983901976 15
1780912928128 2.0415554317474367 16
1780912940046 2.04046081867218 17
1780912952111 2.0394482458114624 18
1780912966005 2.038174040031433 19
1780912979891 2.0378945600509644 20
