1780895941917 53.81175462901592 1
1780896000221 53.767613349016756 2
1780896058080 53.35264926101081 3
1780896113898 53.46110030999989 4
1780896172216 53.57900222099852 5
1780896230576 53.592099756002426 6
1780896286537 53.56373102701036 7
1780896344848 53.530498141015414 8
1780896403159 53.52164083899697 9
1780896459054 53.48938941597589 10
1780896517600 53.68450409398065 11
1780896575982 53.44165647402406 12
1780896631746 53.19319871798507 13
1780896690178 53.39003544699517 14
1780896749065 53.34601720099454 15
1780896804374 52.50668615399627 16
1780896862815 53.162305674981326 17
1780896922007 53.61298008597805 18
1780896977508 52.74730680100038 19
1780897036064 53.11753854097333 20
