1780895941917 0.6285647495651245 1
1780896000221 0.4934266016769409 2
1780896058080 0.431832525100708 3
1780896113898 0.3902475281333923 4
1780896172216 0.35940250286102293 5
1780896230576 0.33231858519554136 6
1780896286537 0.3058048531341553 7
1780896344848 0.28716026514053344 8
1780896403159 0.2675782600307465 9
1780896459054 0.24208874353408813 10
1780896517600 0.2284454237985611 11
1780896575982 0.2153019067430496 12
1780896631746 0.19822655403971673 13
1780896690178 0.1892655131816864 14
1780896749065 0.18291016917228697 15
1780896804374 0.17520136637687683 16
1780896862815 0.16950286450386048 17
1780896922007 0.16457633995056153 18
1780896977508 0.1631521211862564 19
1780897036064 0.16066168375492096 20
