1780810352061 0.774132539653778 1
1780810549497 0.4507813810189565 2
1780810743680 0.3719931227048238 3
1780810956500 0.3278261147022247 4
1780811171347 0.2947260426282883 5
1780811383109 0.2703924834648768 6
1780811598355 0.2515667420864105 7
1780811811107 0.23526874109903972 8
1780812024431 0.22263568343321483 9
1780812239284 0.20957402215003967 10
1780812452789 0.19866267209847768 11
1780812668327 0.19127365496953327 12
1780812869219 0.18739866808255515 13
1780813067419 0.1826977550427119 14
1780813261760 0.182233233888944 15
