1780740838046 0.617404567527771 1
1780740900892 0.49331597863197324 2
1780740963757 0.4362035297822952 3
1780741026743 0.39629164276123047 4
1780741086862 0.3658395784378052 5
1780741149866 0.34340823790550234 6
1780741212487 0.3186091231250763 7
1780741275283 0.3073393039226532 8
1780741334704 0.28932290944099426 9
1780741397472 0.2781409923553467 10
1780741460276 0.26723578262805936 11
1780741523204 0.2565539516735077 12
1780741582828 0.24933355275154115 13
1780741645455 0.2502729775905609 14
1780741708226 0.24480480989456177 15
