1780784008969 0.7746963759740194 1
1780784221962 0.44754560085932416 2
1780784434832 0.3687166538397471 3
1780784647472 0.3255447959423065 4
1780784861581 0.29573126011689504 5
1780785074871 0.26755443102518717 6
1780785287808 0.2471016453584035 7
1780785499750 0.22982791610558828 8
1780785712571 0.2169129217942556 9
1780785924563 0.20352097230752308 10
1780786137815 0.1950825577020645 11
1780786350870 0.18779448080857594 12
1780786563567 0.17959829477071762 13
1780786776860 0.17701381386121115 14
1780786989800 0.17511328809658686 15
