1780792362737 0.6277245114707947 1
1780792466095 0.48467289564132693 2
1780792568776 0.428854480342865 3
1780792671819 0.3918508397960663 4
1780792774601 0.3556241819381714 5
1780792877871 0.3288628225040436 6
1780792981101 0.30863183723449705 7
1780793084070 0.2869141268730164 8
1780793187207 0.26530723900794984 9
1780793289908 0.25181832403182985 10
1780793392985 0.2361166622877121 11
1780793496087 0.2284761331510544 12
1780793599296 0.2217065151500702 13
1780793702113 0.21983417443275452 14
1780793804996 0.21232851514816284 15
