1780956247168 2.2293004180908205 1
1780956303549 1.8091912914276123 2
1780956357020 1.5814674732208251 3
1780956413102 1.37625221824646 4
1780956466643 1.272580612182617 5
1780956522895 1.2081613542556762 6
1780956576123 1.1599515921592713 7
1780956632232 1.1266730781555176 8
1780956688395 1.1206123757362365 9
1780956741818 1.0977095108032227 10
1780956798191 1.0830167907714843 11
1780956850868 1.0713264248847962 12
1780956907597 1.05753520488739 13
1780956960716 1.0470239036560058 14
1780957016983 1.0415155199050903 15
1780957070220 1.0389998254776 16
1780957127348 1.034572164916992 17
1780957183469 1.0335789896011351 18
1780957236164 1.0289959861755371 19
1780957292612 1.0292093988418578 20
