1780756142173 0.6673389859390259 1
1780756186362 0.5065221119880676 2
1780756230492 0.43644718282699585 3
1780756275532 0.39100799222946164 4
1780756319548 0.3598866477394104 5
1780756363592 0.3269898982524872 6
1780756408520 0.3044683260679245 7
1780756452429 0.28391043007850647 8
1780756496621 0.26804235446453095 9
1780756541506 0.24898358519554137 10
1780756585566 0.23582021822929383 11
1780756630515 0.23278284549236297 12
1780756674456 0.22294455513000488 13
1780756718483 0.2192597390651703 14
1780756763446 0.21770455209732056 15
