1780870396640 50.12617710599443 1
1780870448711 52.06558993598446 2
1780870503318 50.459474848001264 3
1780870555746 49.990820343984524 4
1780870610608 49.61888440398616 5
1780870662681 49.35834419398452 6
1780870717629 49.45004107800196 7
1780870769726 49.30065823998302 8
1780870825028 49.65144292201148 9
1780870880021 49.69338138101739 10
1780870932238 49.51393468101742 11
1780870987130 49.464052631985396 12
1780871039183 49.47566092701163 13
1780871094073 49.68725805499707 14
1780871146666 49.69883525700425 15
1780871201715 49.789055375993485 16
1780871253459 49.28410824199091 17
1780871308455 49.762500089011155 18
1780871360916 49.697855733014876 19
1780871415957 49.797862531995634 20
