1780870396640 0.633231386051178 1
1780870448711 0.49541222244262695 2
1780870503318 0.4406883837413788 3
1780870555746 0.3972353782463074 4
1780870610608 0.36560506872177123 5
1780870662681 0.3379397744655609 6
1780870717629 0.31545868709564207 7
1780870769726 0.2945640771818161 8
1780870825028 0.2788517724227905 9
1780870880021 0.2593279058265686 10
1780870932238 0.24290546794891357 11
1780870987130 0.2284469607448578 12
1780871039183 0.21965465584754945 13
1780871094073 0.20617819334983825 14
1780871146666 0.20135973037719726 15
1780871201715 0.194724654211998 16
1780871253459 0.18979948945045472 17
1780871308455 0.18671147037029268 18
1780871360916 0.18295193457603454 19
1780871415957 0.1810047539496422 20
