1780921601741 25.961432710000736 1
1780921630534 25.987859413999104 2
1780921656588 26.04814434600121 3
1780921686692 25.945767635002994 4
1780921715600 26.084125317000144 5
1780921744318 25.87782569599949 6
1780921773150 25.988921036001557 7
1780921799199 26.04248361700229 8
1780921828064 26.015863426997385 9
1780921857139 26.56712786100252 10
1780921886258 26.877284329002578 11
1780921916229 26.525507047997962 12
1780921943008 26.773107007000363 13
1780921973385 27.180637346998992 14
1780922002066 25.873520409000776 15
1780922031061 26.064728885998193 16
1780922059849 25.8570274220001 17
1780922085230 25.375815292998595 18
1780922113745 25.406237167000654 19
1780922142463 25.666202690001228 20
