1780921601741 2.1440097597122194 1
1780921630534 1.4603475580215455 2
1780921656588 1.2337180499076843 3
1780921686692 1.1252523348808288 4
1780921715600 1.0707659567832948 5
1780921744318 1.0301572859764099 6
1780921773150 0.9975616817474365 7
1780921799199 0.976196219921112 8
1780921828064 0.9584062682151795 9
1780921857139 0.944262919807434 10
1780921886258 0.9337952816009522 11
1780921916229 0.9211760312080384 12
1780921943008 0.9096078110694885 13
1780921973385 0.9046251146316528 14
1780922002066 0.8972983480453491 15
1780922031061 0.8954318488121032 16
1780922059849 0.8895173911094666 17
1780922085230 0.8862510543823242 18
1780922113745 0.886733539390564 19
1780922142463 0.8802645299911499 20
