1780839787026 28.55721519800136 1
1780839818284 28.1127166049846 2
1780839847171 25.72852994099958 3
1780839872995 25.818973433983047 4
1780839901928 25.764544270001352 5
1780839930970 25.862948094989406 6
1780839959869 25.70906009801547 7
1780839988858 25.806840718985768 8
1780840014686 25.82299786200747 9
1780840043633 25.859630084014498 10
1780840072296 25.42974317999324 11
1780840101409 25.520796089986106 12
1780840130564 25.563615299994126 13
1780840156125 25.555503419978777 14
1780840185218 25.746788329008268 15
1780840214105 25.416494256001897 16
1780840243124 25.511211275006644 17
1780840268645 25.51624047398218 18
1780840297472 25.42487916900427 19
1780840326340 25.372633651975775 20
