1780839787026 0.6244634209060669 1
1780839818284 0.4957465769958496 2
1780839847171 0.43695245818138123 3
1780839872995 0.39679536716461183 4
1780839901928 0.36116635261535646 5
1780839930970 0.33522639541625976 6
1780839959869 0.31114331972122194 7
1780839988858 0.2899748809051514 8
1780840014686 0.2716273861408234 9
1780840043633 0.25520189005851746 10
1780840072296 0.23965917622566224 11
1780840101409 0.2318430701828003 12
1780840130564 0.21488101806640625 13
1780840156125 0.20660342096328735 14
1780840185218 0.2042622233581543 15
1780840214105 0.19303135896682738 16
1780840243124 0.1856913957977295 17
1780840268645 0.18590766418933868 18
1780840297472 0.1810369814443588 19
1780840326340 0.1817761402797699 20
