1780769575209 0.7897940311113993 1
1780769748624 0.4661745217959086 2
1780769927968 0.3831825003782908 3
1780770104915 0.33559004755020144 4
1780770279475 0.30384177555243175 5
1780770457675 0.27990491359233854 6
1780770639116 0.25807952574888865 7
1780770817280 0.2410954097509384 8
1780770995709 0.226575583978494 9
1780771268144 0.21405484613577525 10
1780771614141 0.20486545511484147 11
1780771944565 0.19579431938330333 12
1780772292796 0.19121779754161836 13
1780772622223 0.18732182422478993 14
1780772954978 0.18502327771981558 15
