1780819592900 0.76097436170578 1
1780819705199 0.4544624417622884 2
1780819817241 0.37260350800355274 3
1780819929702 0.32869485694567363 4
1780820041722 0.29599682660102844 5
1780820154874 0.2696216883500417 6
1780820267048 0.25189607741038006 7
1780820378848 0.2313353266477585 8
1780820491711 0.21871362737019856 9
1780820603348 0.20606702421506246 10
1780820715691 0.19711793610254924 11
1780820827381 0.18838138147989908 12
1780820939808 0.18293823353052138 13
1780821051739 0.17885907982587815 14
1780821163601 0.17583108676274617 15
