1780819592900 0.7002916666666666 1
1780819705199 0.8420833333333333 2
1780819817241 0.8709916666666667 3
1780819929702 0.8872083333333334 4
1780820041722 0.8993333333333333 5
1780820154874 0.9074083333333334 6
1780820267048 0.913275 7
1780820378848 0.9200083333333333 8
1780820491711 0.9239333333333334 9
1780820603348 0.928675 10
1780820715691 0.932025 11
1780820827381 0.9343666666666667 12
1780820939808 0.9356166666666667 13
1780821051739 0.9368916666666667 14
1780821163601 0.9381416666666667 15
