1780793913014 0.6180383442115783 1
1780794015970 0.47911419808387756 2
1780794119267 0.419973565158844 3
1780794222311 0.3821318070888519 4
1780794325642 0.35165161115646365 5
1780794429040 0.32222735025405885 6
1780794532413 0.30113525033950805 7
1780794635508 0.27726359563827513 8
1780794738822 0.2625097076702118 9
1780794841653 0.2451218109035492 10
1780794944852 0.23001313179969787 11
1780795047885 0.2216308365726471 12
1780795151112 0.21317767887353897 13
1780795254269 0.21346797031879425 14
1780795357018 0.20599506807804108 15
