1780929683985 39.4741366599992 1
1780929728991 38.37231646500004 2
1780929770270 37.930923135998455 3
1780929810201 36.56625034600074 4
1780929850799 37.22449568799857 5
1780929890912 36.67049566300193 6
1780929930809 36.30401144999996 7
1780929970708 36.30548383199857 8
1780930014303 36.50772812500145 9
1780930054187 36.33284088200162 10
1780930094093 36.313406460001715 11
1780930134866 37.17991097999766 12
1780930173996 35.53727489999801 13
1780930213431 35.841585510002915 14
1780930252499 35.47467901699929 15
1780930291666 35.57534869600204 16
1780930331220 35.959746429001825 17
1780930373642 35.24210613800096 18
1780930412880 35.64447138000105 19
1780930454974 38.50030754999898 20
