1780929683985 2.156816095161438 1
1780929728991 1.495770546245575 2
1780929770270 1.2926574647903442 3
1780929810201 1.200359460258484 4
1780929850799 1.1345585025787353 5
1780929890912 1.0888214889526366 6
1780929930809 1.049771063899994 7
1780929970708 1.023270844078064 8
1780930014303 1.0000355820655822 9
1780930054187 0.9848970260620117 10
1780930094093 0.9755612215995788 11
1780930134866 0.9586572448730468 12
1780930173996 0.9449013686180114 13
1780930213431 0.9382242402076721 14
1780930252499 0.929341693687439 15
1780930291666 0.9183725249290466 16
1780930331220 0.9154124154090881 17
1780930373642 0.9140406392097473 18
1780930412880 0.9092016241073608 19
1780930454974 0.9097101319313049 20
