1780929683985 0.192025 1
1780929728991 0.427625 2
1780929770270 0.4968 3
1780929810201 0.524825 4
1780929850799 0.548325 5
1780929890912 0.56815 6
1780929930809 0.5784 7
1780929970708 0.590225 8
1780930014303 0.6012 9
1780930054187 0.603075 10
1780930094093 0.610925 11
1780930134866 0.615275 12
1780930173996 0.616925 13
1780930213431 0.622675 14
1780930252499 0.6286 15
1780930291666 0.633375 16
1780930331220 0.632525 17
1780930373642 0.63445 18
1780930412880 0.63685 19
1780930454974 0.633825 20
