1780871474349 51.40412144100992 1
1780871528416 51.85090595201473 2
1780871585105 51.87578837500769 3
1780871639077 51.57977922499413 4
1780871695647 51.74547394600813 5
1780871752146 51.68036283800029 6
1780871806241 51.668698468012735 7
1780871862835 51.74204115499742 8
1780871916769 51.49894909001887 9
1780871973367 51.73304937698413 10
1780872030121 50.74029986798996 11
1780872084022 51.234082309005316 12
1780872140917 50.45024476098479 13
1780872194293 50.468474860012066 14
1780872251429 50.709458748984616 15
1780872306296 51.276424609008245 16
1780872362643 50.58243982898421 17
1780872419377 50.25028564801323 18
1780872472958 50.537103551992914 19
1780872530020 50.5153674200119 20
