1780871474349 0.6469367488479614 1
1780871528416 0.4917682142829895 2
1780871585105 0.435815069065094 3
1780871639077 0.3914197492980957 4
1780871695647 0.3598206911087036 5
1780871752146 0.3338100094509125 6
1780871806241 0.3086549457645416 7
1780871862835 0.2844908485507965 8
1780871916769 0.269219736700058 9
1780871973367 0.2489345317840576 10
1780872030121 0.23832961369514466 11
1780872084022 0.22155125190734865 12
1780872140917 0.20576489230155945 13
1780872194293 0.19785509105682372 14
1780872251429 0.19085071531295777 15
1780872306296 0.18434662234306334 16
1780872362643 0.17846408770084382 17
1780872419377 0.18152311705112456 18
1780872472958 0.17220261836528777 19
1780872530020 0.17061225777626038 20
