1780807422319 0.7775545444488525 1
1780807616212 0.4509526268641154 2
1780807813513 0.37528809113502504 3
1780808006866 0.3299090194304784 4
1780808204491 0.2951534996032715 5
1780808399284 0.2732617962360382 6
1780808592813 0.25234026162624357 7
1780808789754 0.23392459009488423 8
1780808983372 0.21914504540761312 9
1780809177343 0.20938109830220542 10
1780809374359 0.19805449976921083 11
1780809568316 0.19158231080373128 12
1780809765714 0.18586122961441676 13
1780809959025 0.18290657855272294 14
1780810156903 0.17912921858628592 15
