1780844012409 32.62338117000763 1
1780844048800 32.798718359990744 2
1780844085084 32.69257722000475 3
1780844121275 32.59811249998165 4
1780844157625 32.75733357001445 5
1780844193825 32.60897793000913 6
1780844230001 32.58237203999306 7
1780844269419 35.82569159998093 8
1780844316190 39.59130843001185 9
1780844358463 38.68249239001307 10
1780844399659 37.60199495998677 11
1780844441171 37.917582119989675 12
1780844482812 38.04759180301335 13
1780844523931 37.52735148000647 14
1780844568877 37.76730110999779 15
1780844611379 38.90900556000997 16
1780844652558 37.58448906001286 17
1780844693719 37.568691899999976 18
1780844735016 37.70299547998002 19
1780844779957 37.75966713001253 20
