1780844012409 0.6250144269561767 1
1780844048800 0.4898806261539459 2
1780844085084 0.42873706201553347 3
1780844121275 0.39094281898498534 4
1780844157625 0.3628025169658661 5
1780844193825 0.33766356245994567 6
1780844230001 0.3160008030319214 7
1780844269419 0.2961094802284241 8
1780844316190 0.28148327242851257 9
1780844358463 0.2616700082492828 10
1780844399659 0.24808073625564575 11
1780844441171 0.23374160241127015 12
1780844482812 0.222621358833313 13
1780844523931 0.21954285957336425 14
1780844568877 0.20533688410282136 15
1780844611379 0.20290420784950255 16
1780844652558 0.19699557505607604 17
1780844693719 0.19290073486804962 18
1780844735016 0.1900155481672287 19
1780844779957 0.18993637286186218 20
