1780745759263 0.6469367488479614 1
1780745822916 0.49243581533432007 2
1780745886475 0.4358052597618103 3
1780745946527 0.3926292978858948 4
1780746010103 0.36025345220565796 5
1780746073726 0.3350402831363678 6
1780746137274 0.3109796138572693 7
1780746197260 0.2891363938808441 8
1780746260807 0.2747427996969223 9
1780746324433 0.26022496295928954 10
1780746388268 0.2497283158636093 11
1780746448413 0.2398936554336548 12
1780746512074 0.22842968738555908 13
1780746575765 0.22535913454055786 14
1780746639463 0.22320492572307588 15
