1780801674584 0.633231386051178 1
1780801775369 0.4956103231239319 2
1780801875638 0.4393504765892029 3
1780801976107 0.397181686000824 4
1780802076172 0.36594320484161375 5
1780802176458 0.33948182069778443 6
1780802274013 0.3178618086242676 7
1780802374208 0.29686647171974184 8
1780802475010 0.28186290899276734 9
1780802575465 0.26517966217041017 10
1780802676951 0.25352797829627993 11
1780802776054 0.24192410625457764 12
1780802873412 0.2394204489803314 13
1780802974080 0.23189639328479766 14
1780803074205 0.2332129565858841 15
