1780816146363 0.7734462443669637 1
1780816275224 0.44617414134343464 2
1780816400810 0.37068646028836566 3
1780816517688 0.32571913962364196 4
1780816634149 0.2947839446703593 5
1780816749347 0.26677528058687844 6
1780816868016 0.2477812565724055 7
1780816984020 0.23075751891930898 8
1780817095965 0.21627427140076955 9
1780817207539 0.20567113853295643 10
1780817319125 0.19318145025173822 11
1780817433531 0.18550408437252044 12
1780817551251 0.1809526624560356 13
1780817668149 0.17795992826223372 14
1780817789348 0.17562408030430476 15
