1780949899029 37.39822188400285 1
1780949937203 36.00251651700091 2
1780949975321 35.95275356799539 3
1780950013483 35.99276760700013 4
1780950051925 36.26772889900167 5
1780950092612 38.54774630499742 6
1780950134968 37.918142277005245 7
1780950175699 38.48720710199996 8
1780950216366 38.47446235700045 9
1780950258161 39.594649311002286 10
1780950298413 38.04948167299881 11
1780950342230 39.38725504500326 12
1780950383365 38.91867621400161 13
1780950424835 39.2511698849994 14
1780950470300 43.2369807799987 15
1780950515006 40.22932093300187 16
1780950558315 41.067274369997904 17
1780950602874 42.131710002002364 18
1780950645163 39.73645012600173 19
1780950690456 40.364987847999146 20
