1780949899029 2.139307644844055 1
1780949937203 1.569656357383728 2
1780949975321 1.3098147241592408 3
1780950013483 1.1584082310676576 4
1780950051925 1.0857941851615907 5
1780950092612 1.0360057774543763 6
1780950134968 1.004389539718628 7
1780950175699 0.9766159093856811 8
1780950216366 0.956259580039978 9
1780950258161 0.9396314975738526 10
1780950298413 0.9257158407211303 11
1780950342230 0.9186835123062134 12
1780950383365 0.9075193653106689 13
1780950424835 0.8971650154113769 14
1780950470300 0.8896763500213622 15
1780950515006 0.8838574077606202 16
1780950558315 0.8845321413040161 17
1780950602874 0.8813957018852234 18
1780950645163 0.8772357584953309 19
1780950690456 0.879600601196289 20
