1780841489406 26.924902667000424 1
1780841519758 26.86276179298875 2
1780841546627 26.864031482982682 3
1780841576956 26.806306229991606 4
1780841607355 26.80815095998696 5
1780841637762 26.813599019980757 6
1780841668119 26.76553226998658 7
1780841698608 26.896341869985918 8
1780841725624 27.0112890599994 9
1780841756100 26.88350110099418 10
1780841786595 27.030317811993882 11
1780841817061 26.87609878598596 12
1780841847347 26.903998419002164 13
1780841877759 26.819635039981222 14
1780841904757 26.993555407010717 15
1780841934894 26.72469368999009 16
1780841965328 26.844743018998997 17
1780841995656 26.8440712110023 18
1780842025997 26.749835370021174 19
1780842056387 26.796608370001195 20
