1780841489406 0.63536766330719 1
1780841519758 0.49327393830299376 2
1780841546627 0.4317482524871826 3
1780841576956 0.39505661502838135 4
1780841607355 0.3641054442977905 5
1780841637762 0.33414307817459105 6
1780841668119 0.3115929214572907 7
1780841698608 0.28912425170898437 8
1780841725624 0.2708823836517334 9
1780841756100 0.25418075010299684 10
1780841786595 0.2431465825843811 11
1780841817061 0.22713541311740876 12
1780841847347 0.21619797015190126 13
1780841877759 0.2053162460422516 14
1780841904757 0.20113554312229157 15
1780841934894 0.19220462847709655 16
1780841965328 0.18367363008975982 17
1780841995656 0.17924125670194627 18
1780842025997 0.18239325554609298 19
1780842056387 0.1759917552947998 20
