1780756830475 0.6217303349685669 1
1780756897435 0.4899794864845276 2
1780756964427 0.4292295454406738 3
1780757031361 0.3907451075077057 4
1780757098377 0.35535006812095643 5
1780757165417 0.3302859936237335 6
1780757232364 0.3094812851810455 7
1780757299179 0.281509698882103 8
1780757366139 0.2654759147644043 9
1780757433324 0.2516024193286896 10
1780757500221 0.2362951769733429 11
1780757567324 0.22803838971138002 12
1780757634356 0.21680152070999145 13
1780757701337 0.21335001951694488 14
1780757768177 0.21308870557546616 15
