1780843286633 32.62412871001288 1
1780843322793 32.56763931000023 2
1780843359176 32.7888546299946 3
1780843395370 32.60197673999937 4
1780843431571 32.60830490998342 5
1780843467801 32.63910462000058 6
1780843504202 32.83607220498379 7
1780843540422 32.90037055197172 8
1780843576521 32.63697135000257 9
1780843612725 32.611698449996766 10
1780843648895 32.578047629998764 11
1780843685118 32.62920840000152 12
1780843721324 32.61422160000075 13
1780843757488 32.57301195000764 14
1780843793728 32.64825806999579 15
1780843829928 32.606763120013056 16
1780843866131 32.61067568999715 17
1780843902407 32.68440971997916 18
1780843938604 32.60534166000434 19
1780843974865 32.66806175999227 20
