1780843286633 0.6355205011081696 1
1780843322793 0.4968560186958313 2
1780843359176 0.4379456103515625 3
1780843395370 0.3966566021156311 4
1780843431571 0.36769858213424683 5
1780843467801 0.34405705595970154 6
1780843504202 0.32184339100837706 7
1780843540422 0.30077298506736755 8
1780843576521 0.28229242690086365 9
1780843612725 0.26579162994384764 10
1780843648895 0.24852597004890442 11
1780843685118 0.2386150126171112 12
1780843721324 0.2257243618822098 13
1780843757488 0.21496220081329345 14
1780843793728 0.20954446331977844 15
1780843829928 0.20046054680585862 16
1780843866131 0.19915723977088928 17
1780843902407 0.1931922070503235 18
1780843938604 0.1905645444059372 19
1780843974865 0.1895080681324005 20
