1780953955898 2.3002711505889892 1
1780954020439 1.9852016851425172 2
1780954085888 1.3886034673690797 3
1780954150259 1.1987295755386354 4
1780954212841 1.1181033837318421 5
1780954278780 1.0809636659622193 6
1780954345215 1.0495692459106445 7
1780954409761 1.0264488087654113 8
1780954474113 1.0088734355926514 9
1780954538298 0.9934520858764648 10
1780954597546 0.9849992267608643 11
1780954653958 0.9721578272819519 12
1780954709554 0.964725806427002 13
1780954763114 0.9563549472808838 14
1780954818961 0.9472636368751526 15
1780954872300 0.9456269371032715 16
1780954928285 0.9398501642227173 17
1780954984117 0.9388358521461487 18
1780955037827 0.941117954826355 19
1780955093263 0.9384550163269043 20
