1780952522732 42.71499639400281 1
1780952564904 39.34881893800048 2
1780952607227 39.511584172003495 3
1780952652316 39.499979052001436 4
1780952695965 40.86398256300163 5
1780952740250 41.502988799002196 6
1780952789415 43.62432406500011 7
1780952833403 41.2230714880061 8
1780952878333 42.16620635899744 9
1780952923510 42.41830802800541 10
1780952971196 41.81682836799882 11
1780953013885 39.836640544002876 12
1780953059192 42.47040728500724 13
1780953107112 42.093583463996765 14
1780953151829 41.69815568600461 15
1780953197649 42.834825525998895 16
1780953240919 40.25723931299581 17
1780953287886 41.32923708699673 18
1780953331263 40.220133627000905 19
1780953373530 39.614557299995795 20
