1780952522732 2.139307644844055 1
1780952564904 1.569656357383728 2
1780952607227 1.3098147241592408 3
1780952652316 1.1584082310676576 4
1780952695965 1.0857941851615907 5
1780952740250 1.0360057774543763 6
1780952789415 1.004389539718628 7
1780952833403 0.9766159093856811 8
1780952878333 0.956259580039978 9
1780952923510 0.9396314975738526 10
1780952971196 0.9257158407211303 11
1780953013885 0.9186835123062134 12
1780953059192 0.9075193653106689 13
1780953107112 0.8971650154113769 14
1780953151829 0.8896763500213622 15
1780953197649 0.8838574077606202 16
1780953240919 0.8845321413040161 17
1780953287886 0.8813957018852234 18
1780953331263 0.8772357584953309 19
1780953373530 0.879600601196289 20
