1780911004137 11.158438130999457 1
1780911014933 10.790789056999529 2
1780911027146 10.58952084700013 3
1780911037296 10.144715209000424 4
1780911048270 10.96897953000007 5
1780911060530 10.566898920999847 6
1780911070953 10.418659227000717 7
1780911081856 10.897406068000237 8
1780911094324 10.866071331000057 9
1780911105035 10.70572103700033 10
1780911115659 10.619466424000166 11
1780911128430 11.079376554999726 12
1780911139071 10.63572803199986 13
1780911149635 10.558135317000051 14
1780911161830 10.524924397999712 15
1780911172453 10.618059133000315 16
1780911183206 10.746852355000556 17
1780911195448 10.627947293000034 18
1780911206505 11.052130337000563 19
1780911217152 10.641424364000159 20
