1780911004137 2.2394009845733645 1
1780911014933 2.1641974096298218 2
1780911027146 2.1434581356048583 3
1780911037296 2.1280671072006228 4
1780911048270 2.1135520946502684 5
1780911060530 2.104613384819031 6
1780911070953 2.095130964279175 7
1780911081856 2.090246552276611 8
1780911094324 2.0837348634719848 9
1780911105035 2.079466154098511 10
1780911115659 2.0763601205825806 11
1780911128430 2.072707085990906 12
1780911139071 2.0675795148849487 13
1780911149635 2.065874521636963 14
1780911161830 2.0631287878036497 15
1780911172453 2.060126590156555 16
1780911183206 2.060008050918579 17
1780911195448 2.0580421674728395 18
1780911206505 2.0574909635543825 19
1780911217152 2.054487307357788 20
