1781114166738 39.92758629899981 1
1781114206837 39.662252173000525 2
1781114247824 40.13129044499874 3
1781114288364 40.123837246999756 4
1781114328689 40.318673031999424 5
1781114368974 40.27936979700098 6
1781114409603 40.62308349600062 7
1781114450260 40.651669406999645 8
1781114490733 40.46702939900024 9
1781114531011 40.27259762600079 10
1781114571461 40.44444383799964 11
1781114612258 40.79088604699973 12
1781114652676 40.41158653399907 13
1781114693159 40.47686566899938 14
1781114733848 40.682280691000415 15
1781114774433 40.57969840199985 16
1781114814965 40.525434934999794 17
1781114855342 40.37089871199896 18
1781114895915 40.56746587899943 19
1781114936501 40.581047915000454 20
