1781114166738 2.1393167938232422 1
1781114206837 1.5216237337112426 2
1781114247824 1.2778131868362426 3
1781114288364 1.1864806826591492 4
1781114328689 1.1201144128799438 5
1781114368974 1.085556246471405 6
1781114409603 1.046450330543518 7
1781114450260 1.0112746253013611 8
1781114490733 0.991297793006897 9
1781114531011 0.9751923292160034 10
1781114571461 0.9649851649284363 11
1781114612258 0.9546664015769959 12
1781114652676 0.9389153839111328 13
1781114693159 0.9362699942588806 14
1781114733848 0.9207524141311646 15
1781114774433 0.9179451725006104 16
1781114814965 0.9131615200042724 17
1781114855342 0.9139998887062073 18
1781114895915 0.9083775910377503 19
1781114936501 0.9072643845558167 20
