1781031845385 51.51265184499789 1
1781031900194 52.585806080998736 2
1781031958100 52.18256492400542 3
1781032015678 51.703127681001206 4
1781032070487 51.86724880899419 5
1781032128191 51.82916352400207 6
1781032182928 51.79453237800044 7
1781032240770 51.96612905699294 8
1781032298341 51.87219742499292 9
1781032353189 52.00885368499439 10
1781032410962 52.103474294999614 11
1781032465588 51.78977334201045 12
1781032523390 52.106268770003226 13
1781032581136 52.08694543200545 14
1781032635623 51.77851228500367 15
1781032693269 50.85214370999893 16
1781032747777 50.914557185999 17
1781032805669 51.162787528999615 18
1781032863705 51.08012864999182 19
1781032921977 54.68065596000815 20
