1781031845385 0.633231386051178 1
1781031900194 0.49541222244262695 2
1781031958100 0.4406883837413788 3
1781032015678 0.3972353782463074 4
1781032070487 0.36560506872177123 5
1781032128191 0.3379397744655609 6
1781032182928 0.31545868709564207 7
1781032240770 0.2945640771818161 8
1781032298341 0.2788517724227905 9
1781032353189 0.2593279058265686 10
1781032410962 0.24290546794891357 11
1781032465588 0.2284469607448578 12
1781032523390 0.21965465584754945 13
1781032581136 0.20617819334983825 14
1781032635623 0.20135973037719726 15
1781032693269 0.194724654211998 16
1781032747777 0.18979948945045472 17
1781032805669 0.18671147037029268 18
1781032863705 0.18295193457603454 19
1781032921977 0.1810047539496422 20
