1780848230847 40.4956700100156 1
1780848274965 40.52495924997493 2
1780848320159 41.60162960999878 3
1780848368050 40.71087773999898 4
1780848413555 41.91284502000781 5
1780848457761 40.613330519990996 6
1780848505451 40.50961785000982 7
1780848549489 40.44648303001304 8
1780848593846 40.77128169001662 9
1780848638014 40.59502721999888 10
1780848685743 40.536439805000555 11
1780848729880 40.63877926199348 12
1780848775407 41.93493722999119 13
1780848822138 43.13776265998604 14
1780848870065 40.747733910015086 15
1780848914157 40.49969075998524 16
1780848958395 40.645960200025 17
1780849002367 40.37751837001997 18
1780849051462 41.91995591999148 19
1780849095877 40.82040584998322 20
