1780848230847 0.6214984147262573 1
1780848274965 0.48772253923416137 2
1780848320159 0.4249550506401062 3
1780848368050 0.38456948999404905 4
1780848413555 0.35388656237602234 5
1780848457761 0.3250661874485016 6
1780848505451 0.3057263684082031 7
1780848549489 0.27889288791179656 8
1780848593846 0.26091636694908144 9
1780848638014 0.24418383068084717 10
1780848685743 0.22551184805870056 11
1780848729880 0.21353403653621675 12
1780848775407 0.20366834728240968 13
1780848822138 0.19183137233495712 14
1780848870065 0.18607637521743775 15
1780848914157 0.17553498641014098 16
1780848958395 0.1726509690475464 17
1780849002367 0.16814521144866942 18
1780849051462 0.16701339771389961 19
1780849095877 0.16867991287231446 20
