1780899401212 56.95201746199746 1
1780899459503 56.113093833002495 2
1780899518058 54.423007640987635 3
1780899573682 53.92341431998648 4
1780899632278 54.4577217210026 5
1780899690370 54.0497278989933 6
1780899746102 53.22359767899616 7
1780899804555 53.667318591004005 8
1780899862918 53.43155367500731 9
1780899918891 53.62816834097612 10
1780899977112 53.50344323401805 11
1780900035484 53.380780425999546 12
1780900091292 53.133929911011364 13
1780900149675 53.38117446799879 14
1780900208616 53.861954050982604 15
1780900264398 53.405958958988776 16
1780900322961 53.909398958989186 17
1780900381476 53.78998297700309 18
1780900437177 53.292568342003506 19
1780900495610 53.643199873011326 20
