1780899401212 0.6275849298286438 1
1780899459503 0.49264634855270384 2
1780899518058 0.4335032655525208 3
1780899573682 0.3914212717342377 4
1780899632278 0.3567745121765137 5
1780899690370 0.33357610518455505 6
1780899746102 0.3006667978477478 7
1780899804555 0.2866438526821136 8
1780899862918 0.2669780679655075 9
1780899918891 0.2448157071685791 10
1780899977112 0.22709672217369078 11
1780900035484 0.21526255504608155 12
1780900091292 0.19878472841739656 13
1780900149675 0.19060756865501405 14
1780900208616 0.18350691964626312 15
1780900264398 0.17901540794610976 16
1780900322961 0.16658619240283967 17
1780900381476 0.16387246439933778 18
1780900437177 0.16336883110523223 19
1780900495610 0.15841731764316558 20
