1780790811867 0.621605458946228 1
1780790914872 0.490179954662323 2
1780791018717 0.43373831712722777 3
1780791121869 0.3921621887302399 4
1780791224792 0.3660093793106079 5
1780791328090 0.33989005378246306 6
1780791430968 0.3131764903640747 7
1780791533949 0.2964233912467957 8
1780791636880 0.28107732925891876 9
1780791740000 0.2642603950405121 10
1780791843177 0.24915172158241272 11
1780791946114 0.24229005905151368 12
1780792049354 0.23076508354187011 13
1780792152308 0.2308572528362274 14
1780792256740 0.22655365442276001 15
