1780918844262 24.53085635000025 1
1780918869755 25.48699639500046 2
1780918897165 25.081761396999354 3
1780918924959 25.376242143998752 4
1780918953090 25.733925886999714 5
1780918979887 24.37163510499886 6
1780919004364 24.470605645001342 7
1780919032439 25.62567546399987 8
1780919059400 24.509891453999444 9
1780919086089 24.237225947999832 10
1780919112646 26.550224184999024 11
1780919140491 25.390863419999732 12
1780919168875 25.934150498000236 13
1780919196928 25.598520166000526 14
1780919224099 24.717161446998944 15
1780919249036 24.931725234000623 16
1780919277227 25.7285847080002 17
1780919304159 24.442041685999357 18
1780919330766 24.123208008999427 19
1780919355108 24.335962911000024 20
