1780918844262 2.1033893161773682 1
1780918869755 1.51941689453125 2
1780918897165 1.2908673493385314 3
1780918924959 1.1992386762619018 4
1780918953090 1.1511236660957336 5
1780918979887 1.1105593025207519 6
1780919004364 1.0844146677017212 7
1780919032439 1.0559951428413392 8
1780919059400 1.041471814918518 9
1780919086089 1.0217402429580689 10
1780919112646 1.015428636932373 11
1780919140491 0.9988124130249023 12
1780919168875 0.9866933981895447 13
1780919196928 0.9806699624061584 14
1780919224099 0.9757898289680481 15
1780919249036 0.9757343443870544 16
1780919277227 0.9689565222740173 17
1780919304159 0.9670884348869324 18
1780919330766 0.9633036036491394 19
1780919355108 0.9651400081634521 20
