1780910775039 9.535072654000032 1
1780910787278 10.672622832999878 2
1780910798836 11.551256587999887 3
1780910809106 10.26463375000003 4
1780910820608 10.02210513099999 5
1780910830865 10.251783036999768 6
1780910841900 11.029103285999554 7
1780910854262 10.780422640000324 8
1780910864810 10.542366333000246 9
1780910875262 10.446717085000273 10
1780910888272 11.376332896999884 11
1780910898763 10.485389022000163 12
1780910909800 11.030618752999544 13
1780910922792 11.320045954000307 14
1780910933192 10.394553868999537 15
1780910943714 10.516480208999383 16
1780910956383 11.030601619999288 17
1780910968187 11.798712204999902 18
1780910979174 10.982203380999636 19
1780910992410 11.599874580999312 20
