1780910775039 2.2403693641662596 1
1780910787278 2.1628258947372436 2
1780910798836 2.1277277164459227 3
1780910809106 2.1144298469543457 4
1780910820608 2.104672706222534 5
1780910830865 2.095777972602844 6
1780910841900 2.092527076721191 7
1780910854262 2.086939952659607 8
1780910864810 2.0818135181427 9
1780910875262 2.077108080482483 10
1780910888272 2.0736084846496583 11
1780910898763 2.070752454185486 12
1780910909800 2.06799545211792 13
1780910922792 2.065025966262817 14
1780910933192 2.0633179180145262 15
1780910943714 2.0600415481567382 16
1780910956383 2.0583660249710083 17
1780910968187 2.056036441040039 18
1780910979174 2.057572791671753 19
1780910992410 2.0544025339126586 20
