1780927256714 33.26096649600004 1
1780927293472 33.4480111260018 2
1780927330390 33.73307818899775 3
1780927367315 33.56310764999944 4
1780927403929 33.15427244099919 5
1780927440559 33.189709880996816 6
1780927477599 33.57415536600092 7
1780927514210 33.139995646997704 8
1780927550877 33.19177592100095 9
1780927587368 33.011504378999234 10
1780927624628 33.66738473199803 11
1780927661500 33.335691385000246 12
1780927701521 33.45494039999903 13
1780927738065 33.28980003000106 14
1780927774850 33.32542982800078 15
1780927811663 33.6072199070004 16
1780927848538 33.29079899900171 17
1780927888982 37.292020553999464 18
1780927929131 36.571577675997105 19
1780927968543 36.109712142002536 20
