1780927256714 2.042793166542053 1
1780927293472 1.427752001476288 2
1780927330390 1.2362499417304993 3
1780927367315 1.1619722007751465 4
1780927403929 1.1038144052505494 5
1780927440559 1.0678460774421692 6
1780927477599 1.0309478236198426 7
1780927514210 0.9990181464195251 8
1780927550877 0.9819169437408447 9
1780927587368 0.9688646359443664 10
1780927624628 0.9531938306808472 11
1780927661500 0.9393208653450013 12
1780927701521 0.9328597712516785 13
1780927738065 0.9255933064460754 14
1780927774850 0.9218290510177612 15
1780927811663 0.9143588926315308 16
1780927848538 0.912945725440979 17
1780927888982 0.9057412511825561 18
1780927929131 0.9058698408126831 19
1780927968543 0.9029887990951538 20
