1780900554279 51.866383612010395 1
1780900608063 51.36934985499829 2
1780900664804 51.819668366981205 3
1780900721169 52.151361999014625 4
1780900775633 52.361378961009905 5
1780900832177 52.18705797099392 6
1780900886345 51.954136221000226 7
1780900942788 51.98558542501996 8
1780900999195 51.929093004000606 9
1780901053412 51.96458411900676 10
1780901109937 52.02536847599549 11
1780901164001 51.8072252139973 12
1780901220013 51.20759755600011 13
1780901277113 51.00088687398238 14
1780901330806 51.018171269999584 15
1780901387634 51.110475747002056 16
1780901442019 50.99741395199089 17
1780901498796 50.76191433900385 18
1780901552598 50.69456733900006 19
1780901609912 51.10764293099055 20
