1780900554279 0.6537779758262634 1
1780900608063 0.4963435468482971 2
1780900664804 0.4421396039867401 3
1780900721169 0.39942506281852724 4
1780900775633 0.36679159887313845 5
1780900832177 0.3454547321510315 6
1780900886345 0.3193301539516449 7
1780900942788 0.29610550361633303 8
1780900999195 0.2803223372888565 9
1780901053412 0.266086324672699 10
1780901109937 0.25225827335834505 11
1780901164001 0.23919113372802733 12
1780901220013 0.22350547788619995 13
1780901277113 0.21544123996734618 14
1780901330806 0.2048624349784851 15
1780901387634 0.20086786018371583 16
1780901442019 0.19599529482364655 17
1780901498796 0.19142523328781128 18
1780901552598 0.18511208567619325 19
1780901609912 0.18819801555633545 20
