1780847366879 38.89984410000034 1
1780847409697 39.29273936297977 2
1780847452194 39.01482621001196 3
1780847494336 38.55060602998128 4
1780847539925 38.408347620017594 5
1780847582182 38.663008019997505 6
1780847624363 38.58870168001158 7
1780847666628 38.675060189998476 8
1780847708791 38.57114501998876 9
1780847754542 38.568486779986415 10
1780847796700 38.57014475998585 11
1780847839643 39.34607328000129 12
1780847881883 38.64666564000072 13
1780847924203 38.73164651999832 14
1780847970263 38.87546022000606 15
1780848012541 38.68610418000026 16
1780848054897 38.76497774999007 17
1780848097133 38.64233105999301 18
1780848139463 38.737029600015376 19
1780848185214 38.57103981002001 20
