1780847366879 0.6070559746170044 1
1780847409697 0.488013841714859 2
1780847452194 0.4308705640506744 3
1780847494336 0.39720985686302185 4
1780847539925 0.3623803603553772 5
1780847582182 0.33867817614555357 6
1780847624363 0.3134570396614075 7
1780847666628 0.2907184844398499 8
1780847708791 0.27295214621543884 9
1780847754542 0.25879390340805053 10
1780847796700 0.24235211152076722 11
1780847839643 0.23120094407558442 12
1780847881883 0.2204110270023346 13
1780847924203 0.2083920220017433 14
1780847970263 0.19828006333827972 15
1780848012541 0.19336111488342286 16
1780848054897 0.19007941581249238 17
1780848097133 0.18254844361305236 18
1780848139463 0.17890793684482575 19
1780848185214 0.1826167876958847 20
