1780773305230 0.7772598769982656 1
1780773631340 0.4622196024099986 2
1780773980961 0.3767978538036346 3
1780774298629 0.3310909853299459 4
1780774622618 0.2983311706622442 5
1780774958463 0.2747821159998576 6
1780775273248 0.254895200363795 7
1780775604290 0.2362663945555687 8
1780775919648 0.22306767779191336 9
1780776241338 0.2127875206629435 10
1780776570900 0.20165393697420755 11
1780776888148 0.19444647218783698 12
1780777225440 0.18913698728481929 13
1780777544308 0.18593650073607762 14
1780777869270 0.18231745338439942 15
