1781113354953 38.107005694999316 1
1781113395292 38.93031092000092 2
1781113435429 38.02924354500101 3
1781113475602 38.09676218400091 4
1781113515950 38.25028155799919 5
1781113558097 37.95381404 6
1781113598834 39.000421461998485 7
1781113638220 38.08742937900024 8
1781113678608 38.87809240099887 9
1781113720207 39.89354528699914 10
1781113760353 39.42531224199956 11
1781113800750 39.74879067800066 12
1781113841034 39.59724291999919 13
1781113881430 39.70662858800097 14
1781113922370 39.564561774999675 15
1781113962691 39.62710142499964 16
1781114003254 39.86475284299922 17
1781114043457 39.50496777199987 18
1781114084430 39.85660269499931 19
1781114124979 39.9264067969998 20
