1781113354953 2.08299291305542 1
1781113395292 1.5514475461959838 2
1781113435429 1.3430628759384156 3
1781113475602 1.1798889738082885 4
1781113515950 1.1155855184555055 5
1781113558097 1.0681192514419555 6
1781113598834 1.0306337622642516 7
1781113638220 1.0032340984344483 8
1781113678608 0.9867200695991516 9
1781113720207 0.9693578744888306 10
1781113760353 0.9539974182128906 11
1781113800750 0.9468975306510925 12
1781113841034 0.9321359959602356 13
1781113881430 0.9257179327964783 14
1781113922370 0.9192495591163635 15
1781113962691 0.9119834935188293 16
1781114003254 0.9085219200134277 17
1781114043457 0.9085661358833313 18
1781114084430 0.9063063918113708 19
1781114124979 0.9014205142974854 20
