1780917551957 17.060368522001227 1
1780917571484 16.925016536999465 2
1780917591359 17.28517587600072 3
1780917608460 17.09577955200075 4
1780917628436 17.404426860999592 5
1780917645422 16.980748048999885 6
1780917665731 17.71185165499992 7
1780917682481 16.745606240001507 8
1780917702520 17.42967735900129 9
1780917719247 16.72084748600173 10
1780917739117 17.317883326999436 11
1780917755920 16.797904786999425 12
1780917775926 17.37860275499952 13
1780917792941 17.010520865000217 14
1780917812778 17.246978756000317 15
1780917829977 17.193798989999777 16
1780917849778 17.08626660600021 17
1780917869944 17.518261686998812 18
1780917886688 16.738895830998445 19
1780917906852 17.580955186998835 20
