1780917551957 2.060976819038391 1
1780917571484 1.4902341609954834 2
1780917591359 1.278834161758423 3
1780917608460 1.1886539332389832 4
1780917628436 1.1294445567131042 5
1780917645422 1.0936338842391968 6
1780917665731 1.0609549289703368 7
1780917682481 1.0331837078094483 8
1780917702520 1.0161448357582092 9
1780917719247 0.9955438165664673 10
1780917739117 0.9830643083572388 11
1780917755920 0.97050091381073 12
1780917775926 0.9582459125518799 13
1780917792941 0.950658420085907 14
1780917812778 0.9430041159629822 15
1780917829977 0.9401930842399597 16
1780917849778 0.9336984375 17
1780917869944 0.9305042300224304 18
1780917886688 0.9302091554641724 19
1780917906852 0.9287913855552673 20
