1780917551957 0.220025 1
1780917571484 0.427075 2
1780917591359 0.503975 3
1780917608460 0.53205 4
1780917628436 0.553 5
1780917645422 0.565725 6
1780917665731 0.57905 7
1780917682481 0.588925 8
1780917702520 0.595125 9
1780917719247 0.603125 10
1780917739117 0.60685 11
1780917755920 0.61235 12
1780917775926 0.61685 13
1780917792941 0.620275 14
1780917812778 0.621575 15
1780917829977 0.623525 16
1780917849778 0.62195 17
1780917869944 0.62655 18
1780917886688 0.627825 19
1780917906852 0.62855 20
