1780859534157 55.316294873016886 1
1780859592677 55.70861542900093 2
1780859649233 54.880034427013015 3
1780859708013 55.29433063798933 4
1780859766447 55.1746290709998 5
1780859824877 55.23566534399288 6
1780859881451 54.916111650993116 7
1780859940011 55.086925882991636 8
1780859998475 55.03139908600133 9
1780860055038 54.66901679200237 10
1780860113445 54.50642534400686 11
1780860172366 54.65252133199829 12
1780860228518 53.99412313400535 13
1780860286920 54.35671617698972 14
1780860345760 54.782723272976 15
1780860404165 54.25925799200195 16
1780860460418 54.1608581780165 17
1780860519122 54.567326952994335 18
1780860577697 54.63557105298969 19
1780860634343 54.65736783001921 20
