1780859534157 0.622470856628418 1
1780859592677 0.48491017687797544 2
1780859649233 0.42471506969451905 3
1780859708013 0.38541177211761474 4
1780859766447 0.3534222586631775 5
1780859824877 0.3252280275440216 6
1780859881451 0.2998093984794617 7
1780859940011 0.28287304398536683 8
1780859998475 0.26216253809928897 9
1780860055038 0.24502911119699478 10
1780860113445 0.23010094225883485 11
1780860172366 0.2136451847934723 12
1780860228518 0.1995384839963913 13
1780860286920 0.19241080705404282 14
1780860345760 0.18523621215820313 15
1780860404165 0.17191814356803894 16
1780860460418 0.17222434210777282 17
1780860519122 0.1652343742275238 18
1780860577697 0.1640423377084732 19
1780860634343 0.16137371574640275 20
