1781105888586 38.3140926899996 1
1781105930088 37.9084007700003 2
1781105975367 38.09920563000014 3
1781106016834 37.87479233999966 4
1781106058613 38.18705786999999 5
1781106100498 38.29208652000034 6
1781106141994 37.90346255999975 7
1781106186942 37.864411580000706 8
1781106228532 37.996957329 9
1781106270332 38.4442712809996 10
1781106311931 38.00819489800051 11
1781106353252 37.829363978999936 12
1781106394973 38.127140730000065 13
1781106440191 38.039612040000065 14
1781106481613 37.828857423000045 15
1781106523248 38.04264719999992 16
1781106564789 37.94759149299989 17
1781106606719 38.42538768000031 18
1781106648159 38.198496821000845 19
1781106693421 40.47453492400018 20
