1781105888586 0.184425 1
1781105930088 0.422475 2
1781105975367 0.510625 3
1781106016834 0.554875 4
1781106058613 0.574575 5
1781106100498 0.59165 6
1781106141994 0.59995 7
1781106186942 0.6094 8
1781106228532 0.61885 9
1781106270332 0.62045 10
1781106311931 0.62615 11
1781106353252 0.63125 12
1781106394973 0.6355 13
1781106440191 0.639875 14
1781106481613 0.643375 15
1781106523248 0.646375 16
1781106564789 0.64445 17
1781106606719 0.646225 18
1781106648159 0.645725 19
1781106693421 0.649875 20
