1781105888586 2.123810870170593 1
1781105930088 1.501774688911438 2
1781105975367 1.2394739009857179 3
1781106016834 1.1291933053970338 4
1781106058613 1.0741267665863037 5
1781106100498 1.0277915962219237 6
1781106141994 0.9992114825248718 7
1781106186942 0.976357347869873 8
1781106228532 0.9531179375648499 9
1781106270332 0.9426343597412109 10
1781106311931 0.9299406834602356 11
1781106353252 0.9202180445671082 12
1781106394973 0.904332592201233 13
1781106440191 0.8973821705818176 14
1781106481613 0.891585528755188 15
1781106523248 0.8854046854019165 16
1781106564789 0.883925531578064 17
1781106606719 0.8815360518455505 18
1781106648159 0.884337919139862 19
1781106693421 0.8792090710639954 20
