1780857249247 54.9720980199927 1
1780857306314 55.52391021299991 2
1780857363126 54.326139043987496 3
1780857418266 54.09725544901448 4
1780857474531 53.59465773697593 5
1780857531190 54.00787303800462 6
1780857586003 53.48191460999078 7
1780857642275 53.58363118598936 8
1780857697777 54.1438538620132 9
1780857754325 54.16298058000393 10
1780857810912 54.31879737100098 11
1780857865818 53.83224483099184 12
1780857921878 53.93067284100107 13
1780857978522 54.63376166700618 14
1780858034594 55.09596001400496 15
1780858090010 54.29686684900662 16
1780858146032 53.769963613012806 17
1780858201208 54.4536979580007 18
1780858257493 54.24651876100688 19
1780858313675 54.08057590998942 20
