1780857249247 0.6241443993759155 1
1780857306314 0.4965266916847229 2
1780857363126 0.4358335416507721 3
1780857418266 0.3961695296382904 4
1780857474531 0.364435423002243 5
1780857531190 0.33986421875953676 6
1780857586003 0.3175862266921997 7
1780857642275 0.29818084235191344 8
1780857697777 0.2822277912521362 9
1780857754325 0.26548677384376523 10
1780857810912 0.2523191893196106 11
1780857865818 0.23781947192192077 12
1780857921878 0.23079658222198488 13
1780857978522 0.2216240730857849 14
1780858034594 0.21000651719093322 15
1780858090010 0.20697212895393372 16
1780858146032 0.19972344382762908 17
1780858201208 0.1973103011894226 18
1780858257493 0.19465552201747893 19
1780858313675 0.19745802037239074 20
