1780894789873 53.14631946000736 1
1780894848182 53.15731837198837 2
1780894906532 53.190899793000426 3
1780894962232 53.11510186101077 4
1780895020592 53.19540534997941 5
1780895078914 53.15944512200076 6
1780895134751 53.253650669998024 7
1780895193069 53.15563003800344 8
1780895251595 53.4524478270032 9
1780895307256 53.05933704299969 10
1780895365805 53.37457884600735 11
1780895424141 53.217321653995896 12
1780895479998 53.384560303005856 13
1780895538639 53.64468920300715 14
1780895596764 52.916957381006796 15
1780895652347 53.02401193001424 16
1780895711039 53.44288048101589 17
1780895766635 52.964908035995904 18
1780895824923 53.04681140399771 19
1780895883550 53.459744350024266 20
