1780894789873 0.6180383442115783 1
1780894848182 0.47927535598754883 2
1780894906532 0.419541856136322 3
1780894962232 0.3821185298538208 4
1780895020592 0.35083749032020567 5
1780895078914 0.3204812781524658 6
1780895134751 0.29890202709198 7
1780895193069 0.27383258644104 8
1780895251595 0.2570040585422516 9
1780895307256 0.23679025856971742 10
1780895365805 0.21874125039100648 11
1780895424141 0.2064875046634674 12
1780895479998 0.19362318648457527 13
1780895538639 0.18645072836875914 14
1780895596764 0.17645184772491454 15
1780895652347 0.16951186044454575 16
1780895711039 0.16079249458312989 17
1780895766635 0.16083707718849183 18
1780895824923 0.16165131533145904 19
1780895883550 0.15550500564336778 20
