1780744844570 0.6241443993759155 1
1780744902986 0.4971770189857483 2
1780744964869 0.4366284169197083 3
1780745026941 0.3974164659309387 4
1780745085209 0.365852778673172 5
1780745147065 0.34191080216407777 6
1780745208975 0.3197942977428436 7
1780745267367 0.3035225111961365 8
1780745329289 0.2895554948806763 9
1780745391286 0.2748867105579376 10
1780745453248 0.263735185213089 11
1780745511752 0.2540949612426758 12
1780745573542 0.25019637467384337 13
1780745635426 0.24697149284362793 14
1780745693734 0.24197141813278197 15
