1780915123349 15.137427047999154 1
1780915138183 14.828101794000759 2
1780915155070 14.850302811999427 3
1780915170062 14.986982735999845 4
1780915187099 14.995893733999765 5
1780915202266 15.15852894300042 6
1780915219192 14.885132510000403 7
1780915234331 15.13469647799866 8
1780915251374 14.998145437999483 9
1780915266153 14.773407347000102 10
1780915283087 14.889981309999712 11
1780915297914 14.822241066998686 12
1780915314803 14.851087903000007 13
1780915330241 15.432366762999663 14
1780915345148 14.901438937999046 15
1780915362231 15.034377511001367 16
1780915377155 14.918908899000598 17
1780915394004 14.804376560001401 18
1780915408841 14.831484573000125 19
1780915425902 15.011569567999686 20
