1780915123349 2.0770121900558474 1
1780915138183 1.5453312395095826 2
1780915155070 1.4121293981552123 3
1780915170062 1.2542242329597473 4
1780915187099 1.1649154269218445 5
1780915202266 1.1067695608139039 6
1780915219192 1.071721783733368 7
1780915234331 1.0470232996940614 8
1780915251374 1.027646847629547 9
1780915266153 1.004047568511963 10
1780915283087 0.9849105436325073 11
1780915297914 0.9747259700775146 12
1780915314803 0.9556956790924073 13
1780915330241 0.9490088699340821 14
1780915345148 0.9359057815551758 15
1780915362231 0.9347366266250611 16
1780915377155 0.9301563982963562 17
1780915394004 0.9243936801910401 18
1780915408841 0.9196433663368225 19
1780915425902 0.9241575654029847 20
