1780887823098 57.594781722000334 1
1780887882640 57.74756684800377 2
1780887942232 57.75313868999365 3
1780888001857 57.697393723996356 4
1780888061344 57.53531876899069 5
1780888119670 57.271706083003664 6
1780888179016 57.283388873998774 7
1780888238525 57.43769629500457 8
1780888298059 57.4459272059903 9
1780888357600 57.49533892600448 10
1780888415993 57.51963651398546 11
1780888475326 57.40685686600045 12
1780888534746 57.48997153301025 13
1780888594151 57.46751032900647 14
1780888653059 57.93620006798301 15
1780888712395 57.407251589000225 16
1780888771876 57.36904508501175 17
1780888831321 57.432342968997546 18
1780888890700 57.375357135984814 19
1780888949082 57.3710165709781 20
