1780887823098 0.6357976560974121 1
1780887882640 0.48514988246917723 2
1780887942232 0.42593810752868655 3
1780888001857 0.383465708732605 4
1780888061344 0.34936841691970827 5
1780888119670 0.3219119063854218 6
1780888179016 0.29713128454208376 7
1780888238525 0.2729465152168274 8
1780888298059 0.25220185289382935 9
1780888357600 0.23254238626480103 10
1780888415993 0.21428217374801636 11
1780888475326 0.19998658015727996 12
1780888534746 0.1890049716091156 13
1780888594151 0.17597884204864503 14
1780888653059 0.1732278672027588 15
1780888712395 0.1598166231107712 16
1780888771876 0.15592355753421783 17
1780888831321 0.15327152656018733 18
1780888890700 0.14783647515058518 19
1780888949082 0.14825384661197663 20
