1780849956778 37.93159455698333 1
1780850003436 43.71736371098086 2
1780850048541 42.57938149801339 3
1780850094185 39.76319674300612 4
1780850141040 43.91574228400714 5
1780850189396 45.41552447000868 6
1780850239961 44.6879015469749 7
1780850288788 48.82045438000932 8
1780850337489 47.867684319993714 9
1780850383335 45.84070849599084 10
1780850428586 45.24569760099985 11
1780850473693 45.1016474890057 12
1780850518792 45.09355489301379 13
1780850563715 44.918049671978224 14
1780850608868 45.14716411300469 15
1780850653913 45.03923367799143 16
1780850699032 45.1125154060137 17
1780850744293 45.25639949098695 18
1780850789349 45.04908021297888 19
1780850834316 44.96250767400488 20
