1780849956778 0.6673389859390259 1
1780850003436 0.5063083487701416 2
1780850048541 0.43754540462493896 3
1780850094185 0.38973056695938113 4
1780850141040 0.3578334386730194 5
1780850189396 0.32460700829505923 6
1780850239961 0.3014585543346405 7
1780850288788 0.278499195394516 8
1780850337489 0.26278375962734224 9
1780850383335 0.2410545640039444 10
1780850428586 0.22487739533901216 11
1780850473693 0.21869840411663055 12
1780850518792 0.20096201941013336 13
1780850563715 0.1916532923746109 14
1780850608868 0.1857515014886856 15
1780850653913 0.17747517337799074 16
1780850699032 0.175039428358078 17
1780850744293 0.16806480202674864 18
1780850789349 0.16623717326402665 19
1780850834316 0.16881548464059828 20
