1781108429940 37.833160499999394 1
1781108471462 37.928355750000264 2
1781108512790 37.734957899999245 3
1781108554160 37.77805197000089 4
1781108599249 37.9093112999999 5
1781108640983 38.14085051999973 6
1781108682480 37.90438488000109 7
1781108724299 38.22717464999914 8
1781108765943 38.05173044999901 9
1781108807379 37.84523939999963 10
1781108852826 38.265941159999784 11
1781108894410 37.98947457000031 12
1781108936271 38.268680940000195 13
1781108977665 37.799415006000345 14
1781109019870 38.61203534999913 15
1781109064940 37.88966393999908 16
1781109106338 37.80538245000025 17
1781109147734 37.803639419998945 18
1781109189348 38.021323679999114 19
1781109231580 38.64031667999916 20
