1781108429940 2.1364550676345826 1
1781108471462 1.5221319688796997 2
1781108512790 1.196838028049469 3
1781108554160 1.1031774030685424 4
1781108599249 1.0510899112701415 5
1781108640983 1.016301608657837 6
1781108682480 0.9933960454940796 7
1781108724299 0.9703098232269287 8
1781108765943 0.9520636179924011 9
1781108807379 0.9435389961242676 10
1781108852826 0.9305689712524414 11
1781108894410 0.9148426212310791 12
1781108936271 0.9005839819908142 13
1781108977665 0.8940025852203369 14
1781109019870 0.8885381633758545 15
1781109064940 0.882449758720398 16
1781109106338 0.8772392100334168 17
1781109147734 0.8761979969024658 18
1781109189348 0.876972970867157 19
1781109231580 0.8752299221992492 20
