1780912220526 13.43617308299963 1
1780912233707 13.1755063720002 2
1780912247814 12.319281004000004 3
1780912259508 11.689548026000011 4
1780912273506 13.993214934000207 5
1780912287252 11.971530240999527 6
1780912298886 11.62854784800038 7
1780912312636 11.966609678000168 8
1780912324209 11.568288806000055 9
1780912336139 11.92512673300007 10
1780912349855 11.947016393999547 11
1780912361675 11.81500784400032 12
1780912373749 12.06884657899991 13
1780912387627 12.085226397999577 14
1780912399525 11.892664904000412 15
1780912413820 12.507282816000043 16
1780912425686 11.86098720300015 17
1780912437973 12.282190540000556 18
1780912452421 12.63711992699973 19
1780912463966 11.540411648999907 20
