1780912220526 2.2332973331451416 1
1780912233707 2.156135344696045 2
1780912247814 2.1210577243804933 3
1780912259508 2.1072122175216674 4
1780912273506 2.094385844039917 5
1780912287252 2.0871797227859497 6
1780912298886 2.079812131500244 7
1780912312636 2.072540197753906 8
1780912324209 2.06660953540802 9
1780912336139 2.0656813592910765 10
1780912349855 2.0589509969711304 11
1780912361675 2.054736777305603 12
1780912373749 2.0519791217803953 13
1780912387627 2.049049818611145 14
1780912399525 2.0477526330947877 15
1780912413820 2.0447025062561037 16
1780912425686 2.042191519546509 17
1780912437973 2.040893278503418 18
1780912452421 2.040166032600403 19
1780912463966 2.0393920694351197 20
