1780916815302 16.369922641000812 1
1780916833763 16.352826693999305 2
1780916852461 18.69212864399924 3
1780916871307 16.732575617999828 4
1780916888012 16.69881770199936 5
1780916907132 16.979554641000504 6
1780916923603 16.465702786001202 7
1780916943079 16.972450283999933 8
1780916959877 16.792908718000035 9
1780916978983 16.74617144900003 10
1780916995463 16.474036355999488 11
1780917015197 17.158762975999707 12
1780917031517 16.315359841999452 13
1780917050605 16.648118799999793 14
1780917069742 16.517771646000256 15
1780917086490 16.742777110001043 16
1780917105368 16.408328515000903 17
1780917121852 16.478470969999762 18
1780917141163 16.67273908900097 19
1780917159062 17.892766610000763 20
