1780916815302 2.0671277105331423 1
1780916833763 1.4528313079833985 2
1780916852461 1.2638631940841676 3
1780916871307 1.1898915491104125 4
1780916888012 1.1379419453620911 5
1780916907132 1.093223235988617 6
1780916923603 1.0597740589141846 7
1780916943079 1.0309010239601135 8
1780916959877 1.0142921864509582 9
1780916978983 0.9955781291007996 10
1780916995463 0.9734486583709717 11
1780917015197 0.9656048762321472 12
1780917031517 0.9536736330032348 13
1780917050605 0.9436143537521362 14
1780917069742 0.934103753376007 15
1780917086490 0.9363238008499145 16
1780917105368 0.9314294358253479 17
1780917121852 0.9275773683547973 18
1780917141163 0.9232610495567322 19
1780917159062 0.9236896835327149 20
