1780765655036 0.7937185546557108 1
1780765753290 0.47278181063334146 2
1780765850815 0.3873840367158254 3
1780765946145 0.3386771557331085 4
1780766048920 0.30699481097857156 5
1780766150844 0.2806575388352076 6
1780766252580 0.26020492992401123 7
1780766354160 0.24334747327168782 8
1780766456192 0.23047814396222432 9
1780766558461 0.218317032289505 10
1780766677864 0.2089522946516673 11
1780766816249 0.20143214948177338 12
1780766958429 0.19633282534281413 13
1780767104512 0.1920046132405599 14
1780767243336 0.1893606625398 15
