1780911963810 11.831941542000095 1
1780911977199 11.711363909999818 2
1780911989621 12.416938904000745 3
1780912001495 11.868900668999231 4
1780912015185 12.072151420999944 5
1780912026747 11.557718856000065 6
1780912040776 12.365428445000362 7
1780912053442 12.660854367999491 8
1780912065151 11.70335157199952 9
1780912078906 12.07625604399982 10
1780912090503 11.592068042000392 11
1780912102356 11.847967792000418 12
1780912115848 11.915263892999974 13
1780912128984 13.130844854000316 14
1780912143988 13.201438120999228 15
1780912155751 11.75847283999974 16
1780912167662 11.906327089000115 17
1780912181314 11.875999283000056 18
1780912192996 11.677361804000611 19
1780912204689 11.687106652999319 20
