1780911963810 2.24259058303833 1
1780911977199 2.172173714065552 2
1780911989621 2.1412811506271363 3
1780912001495 2.1210932315826416 4
1780912015185 2.1094559619903563 5
1780912026747 2.0979643899917604 6
1780912040776 2.091261540031433 7
1780912053442 2.081639485359192 8
1780912065151 2.076867262840271 9
1780912078906 2.0703160160064695 10
1780912090503 2.066492579078674 11
1780912102356 2.059295799636841 12
1780912115848 2.0585692930221557 13
1780912128984 2.0535950685501096 14
1780912143988 2.052159386062622 15
1780912155751 2.050043974494934 16
1780912167662 2.048295888519287 17
1780912181314 2.047097878265381 18
1780912192996 2.0455635368347167 19
1780912204689 2.0463009195327757 20
