1780842682934 26.744079150026664 1
1780842713314 26.788709249987733 2
1780842743800 26.89384032000089 3
1780842774189 26.796782609977527 4
1780842800990 26.796552390005672 5
1780842831370 26.787090869998792 6
1780842861710 26.74779965999187 7
1780842892096 26.794711710012052 8
1780842922466 26.777026349998778 9
1780842952828 26.770924079988617 10
1780842979591 26.758461780002108 11
1780843009972 26.78925492000417 12
1780843040338 26.773242659983225 13
1780843070709 26.779415489989333 14
1780843101027 26.725079880008707 15
1780843131439 26.82049421200645 16
1780843158183 26.739259671012405 17
1780843188585 26.80907247000141 18
1780843218932 26.754366060020402 19
1780843249319 26.795622509991517 20
