1780842682934 0.6576577226066589 1
1780842713314 0.5115685306453704 2
1780842743800 0.44126340277671816 3
1780842774189 0.3969297713661194 4
1780842800990 0.3675202937793732 5
1780842831370 0.33835237085342407 6
1780842861710 0.31155006291389464 7
1780842892096 0.2949464775085449 8
1780842922466 0.2786239509010315 9
1780842952828 0.26143188292980196 10
1780842979591 0.24540850959777832 11
1780843009972 0.2352866696691513 12
1780843040338 0.22230568130493164 13
1780843070709 0.21188418706893922 14
1780843101027 0.2008125089263916 15
1780843131439 0.19890692588806153 16
1780843158183 0.19072122760772706 17
1780843188585 0.18967275071144105 18
1780843218932 0.18107725612163544 19
1780843249319 0.18344068731307983 20
