1780860694901 54.573343384981854 1
1780860753378 54.487149230990326 2
1780860809933 54.56472476600902 3
1780860868507 54.57891008700244 4
1780860927065 54.86026660000789 5
1780860985623 54.335304700012784 6
1780861042060 54.66394776600646 7
1780861100851 54.747662802023115 8
1780861159529 54.70698311398155 9
1780861216138 54.61984470699099 10
1780861274578 54.444449139002245 11
1780861333331 54.71638910702313 12
1780861392414 57.04331797600025 13
1780861456948 60.244215404003626 14
1780861524248 62.96275918302126 15
1780861592022 63.24293022698839 16
1780861658868 62.58851974798017 17
1780861725421 62.27323970000725 18
1780861792528 62.706377260998124 19
1780861860510 63.3658963170019 20
