1780860694901 0.6147912323379516 1
1780860753378 0.48578403455734254 2
1780860809933 0.43158128478050234 3
1780860868507 0.3929928058338165 4
1780860927065 0.35995942491531374 5
1780860985623 0.3332143025016785 6
1780861042060 0.3049828705024719 7
1780861100851 0.2824559361076355 8
1780861159529 0.26623281242370606 9
1780861216138 0.25068195150375366 10
1780861274578 0.22971496163368224 11
1780861333331 0.22033062089920044 12
1780861392414 0.20766493105888367 13
1780861456948 0.1953449249267578 14
1780861524248 0.18778350532531737 15
1780861592022 0.18087615432739257 16
1780861658868 0.172930914208889 17
1780861725421 0.17242991078853606 18
1780861792528 0.1690541543006897 19
1780861860510 0.16289156321763992 20
