1780883389769 161.77936101600062 1
1780883557304 161.49752167001134 2
1780883724947 163.59932934402605 3
1780883892448 164.64328024399583 4
1780884059769 164.72234449497773 5
1780884227277 165.10347170202294 6
1780884394705 165.1789142190246 7
1780884562560 167.84956806898117 8
1780884729950 167.3837909110007 9
1780884897316 167.36090580400196 10
1780885064656 167.3341359079932 11
1780885232063 167.40209741800209 12
1780885399498 167.4292241689982 13
1780885567003 167.49958608398447 14
1780885734387 167.37907288700808 15
1780885901891 165.42044881399488 16
1780886069185 165.46981441800017 17
1780886236580 165.09071252998547 18
1780886404087 165.00682255299762 19
1780886571880 164.49748021399137 20
