1780883389769 0.6141397636032104 1
1780883557304 0.47282520713806153 2
1780883724947 0.41522578187942505 3
1780883892448 0.37066327241897584 4
1780884059769 0.3349696359634399 5
1780884227277 0.30548952144622804 6
1780884394705 0.2800460576915741 7
1780884562560 0.26045590598583224 8
1780884729950 0.23939033122062683 9
1780884897316 0.22034394474506377 10
1780885064656 0.20179961221694948 11
1780885232063 0.1876267239332199 12
1780885399498 0.177743296957016 13
1780885567003 0.16338152511119844 14
1780885734387 0.1559400388431549 15
1780885901891 0.14277025159835816 16
1780886069185 0.14376336181879043 17
1780886236580 0.1394237811231613 18
1780886404087 0.13563629269599914 19
1780886571880 0.13486338131427764 20
