1781107581432 37.96599996000077 1
1781107623140 38.11527452300015 2
1781107668958 38.63848125899949 3
1781107710583 38.03095736999967 4
1781107751920 37.74531348000073 5
1781107794088 38.57576633999997 6
1781107835570 37.889179740000145 7
1781107877081 37.91932902000008 8
1781107922137 37.874865150000005 9
1781107963580 37.850476139999955 10
1781108006109 38.935849440999846 11
1781108047509 38.003449306999755 12
1781108089047 38.08438650000062 13
1781108134360 38.13165881999976 14
1781108175922 37.96861697999975 15
1781108217363 37.8494491499996 16
1781108259057 38.101553010000316 17
1781108300679 38.03226003000054 18
1781108342255 37.981147319999764 19
1781108387278 37.84386789000018 20
