1781107581432 2.1258032070159913 1
1781107623140 1.4578913021087647 2
1781107668958 1.1706294577598573 3
1781107710583 1.0787400530815126 4
1781107751920 1.0248226022720337 5
1781107794088 0.9934344489097595 6
1781107835570 0.9712508339881897 7
1781107877081 0.9528271615028381 8
1781107922137 0.9390356315612793 9
1781107963580 0.9271969854354858 10
1781108006109 0.9141240827560425 11
1781108047509 0.9024472787857055 12
1781108089047 0.8958235335350037 13
1781108134360 0.8889864281654358 14
1781108175922 0.8807332674980164 15
1781108217363 0.8806689024925232 16
1781108259057 0.8755483911514282 17
1781108300679 0.8729064827919006 18
1781108342255 0.8737682932853699 19
1781108387278 0.8697524329185485 20
