1781027145550 53.173329929995816 1
1781027205565 52.83370853999804 2
1781027261932 52.77502079999249 3
1781027321709 52.59662937000394 4
1781027381738 52.84931119599787 5
1781027438130 52.903967648002435 6
1781027497934 52.71941789999255 7
1781027557912 52.79694939000183 8
1781027614370 52.865214210003614 9
1781027674350 52.799189939993084 10
1781027734353 52.823668140001246 11
1781027790817 52.86968667000474 12
1781027851081 53.083802430002834 13
1781027907434 52.76218931999756 14
1781027967311 52.69619034000789 15
1781028027203 52.71192540001357 16
1781028083564 52.7673027599958 17
1781028143463 52.71967106999364 18
1781028203527 52.88470199999574 19
1781028259743 52.623264870009734 20
