1781027145550 0.6174313150787354 1
1781027205565 0.4871437712097168 2
1781027261932 0.4320239827632904 3
1781027321709 0.39351700852394106 4
1781027381738 0.36303487268447876 5
1781027438130 0.3373657048892975 6
1781027497934 0.31117979266166684 7
1781027557912 0.28946724917411804 8
1781027614370 0.27424395109176636 9
1781027674350 0.26015175686836245 10
1781027734353 0.24070160603523255 11
1781027790817 0.2297823903465271 12
1781027851081 0.21898014890670775 13
1781027907434 0.2106371770477295 14
1781027967311 0.19777342275619506 15
1781028027203 0.1942389723968506 16
1781028083564 0.18731400851249694 17
1781028143463 0.18693505898475646 18
1781028203527 0.18238061362266542 19
1781028259743 0.17881666338920593 20
