1780838267711 23.70075986700249 1
1780838294022 22.98150526799145 2
1780838321666 24.33370652497979 3
1780838344973 23.302247491985327 4
1780838370668 22.639792052999837 5
1780838396362 22.711438504018588 6
1780838419214 22.8470328230178 7
1780838444859 22.69173731500632 8
1780838470829 22.696119163010735 9
1780838496740 22.59499130299082 10
1780838519375 22.629874792997725 11
1780838545413 22.74986225098837 12
1780838571305 22.590781448001508 13
1780838593921 22.610590460011736 14
1780838619988 22.730141319014365 15
1780838646144 22.78256027700263 16
1780838672037 22.51088540701312 17
1780838694653 22.611467501992593 18
1780838720652 22.6081439369882 19
1780838746596 22.55361072201049 20
