1780838267711 0.6313035618782044 1
1780838294022 0.49505461654663085 2
1780838321666 0.4382422966194153 3
1780838344973 0.4004669581413269 4
1780838370668 0.36793752036571503 5
1780838396362 0.34076556693077087 6
1780838419214 0.31472009417533875 7
1780838444859 0.2943307893943787 8
1780838470829 0.2759528983974457 9
1780838496740 0.25897219796180726 10
1780838519375 0.24568620210647582 11
1780838545413 0.2323604004573822 12
1780838571305 0.22052186779022218 13
1780838593921 0.2143038444852829 14
1780838619988 0.2038805083668232 15
1780838646144 0.195441529712677 16
1780838672037 0.19389971895694733 17
1780838694653 0.19011232305765152 18
1780838720652 0.18756179276943208 19
1780838746596 0.1851979524230957 20
