1780911230550 11.24383903800026 1
1780911241149 10.593695213000501 2
1780911251824 10.670590914000059 3
1780911263975 10.544262143000196 4
1780911274687 10.706857926999874 5
1780911285963 11.270206818000588 6
1780911298150 10.573357256000236 7
1780911308847 10.69205311800033 8
1780911319525 10.672762709999915 9
1780911331994 10.85647431400048 10
1780911342757 10.757768518000375 11
1780911353485 10.72380392299965 12
1780911365771 10.671433987000455 13
1780911377077 11.300623344999622 14
1780911387724 10.642007022999678 15
1780911399849 10.509506347999377 16
1780911411724 11.869389773000876 17
1780911422474 10.744577260999904 18
1780911434635 10.54084623900053 19
1780911445130 10.489191629999368 20
