1780911230550 2.22743582572937 1
1780911241149 2.147921149253845 2
1780911251824 2.1257057653427123 3
1780911263975 2.1113138652801515 4
1780911274687 2.1030874729156492 5
1780911285963 2.096823574447632 6
1780911298150 2.090169564819336 7
1780911308847 2.0844596574783325 8
1780911319525 2.0786484912872316 9
1780911331994 2.0757153396606447 10
1780911342757 2.07258706741333 11
1780911353485 2.065802854156494 12
1780911365771 2.0649372310638427 13
1780911377077 2.060450044631958 14
1780911387724 2.0590610853195193 15
1780911399849 2.058388275718689 16
1780911411724 2.055725999450684 17
1780911422474 2.0555152290344236 18
1780911434635 2.0523730117797854 19
1780911445130 2.0538317111968993 20
