1780844823160 38.24674329700065 1
1780844865993 39.360998477990506 2
1780844908657 39.076572599995416 3
1780844948194 35.939219219988445 4
1780844986887 35.09965790997376 5
1780845025674 35.193289679999 6
1780845067889 35.03671325999312 7
1780845106566 35.08275896997657 8
1780845145325 35.16742151998915 9
1780845184062 35.14284234002116 10
1780845222853 35.19847584000672 11
1780845261596 35.1626636700239 12
1780845300565 35.36430236999877 13
1780845339243 35.08620552002685 14
1780845381406 38.569566060003126 15
1780845426629 38.04723008998553 16
1780845467994 37.76861384999938 17
1780845509391 37.80580346999341 18
1780845550632 37.64702582999598 19
1780845591845 37.62100827001268 20
