1780844823160 0.6277557239151002 1
1780844865993 0.49235545793533325 2
1780844908657 0.43823396768569944 3
1780844948194 0.3974822282791138 4
1780844986887 0.3692847239589691 5
1780845025674 0.33455147749900815 6
1780845067889 0.3177560219955444 7
1780845106566 0.2966411786174774 8
1780845145325 0.2835645214557648 9
1780845184062 0.2635515318107605 10
1780845222853 0.2500607926511765 11
1780845261596 0.24139757082939148 12
1780845300565 0.2261096584224701 13
1780845339243 0.2217897889518738 14
1780845381406 0.2128861277961731 15
1780845426629 0.20646026634216308 16
1780845467994 0.19828290625572204 17
1780845509391 0.19909202615737914 18
1780845550632 0.19644474809646606 19
1780845591845 0.19353592248916626 20
