1780877000776 141.76029554998968 1
1780877156867 141.73690148998867 2
1780877316559 141.74977868999122 3
1780877472677 141.76458062999882 4
1780877628823 141.79195304997847 5
1780877788553 141.94483232600032 6
1780877944460 141.65404692001175 7
1780878104102 141.71079213000485 8
1780878260163 141.69646619999548 9
1780878416241 141.7246717499802 10
1780878575881 141.69822020997526 11
1780878731958 141.72287363998475 12
1780878891627 141.72682067999267 13
1780879047816 141.94347634000587 14
1780879203872 141.80114429999958 15
1780879363517 141.7033232099784 16
1780879519605 141.73364600999048 17
1780879679256 141.70861214998877 18
1780879835389 141.77870523001184 19
1780879991519 141.77543859000434 20
