1780877000776 0.6328892879867554 1
1780877156867 0.4860596055984497 2
1780877316559 0.42232458022117614 3
1780877472677 0.38109391199111936 4
1780877628823 0.3453954947757721 5
1780877788553 0.31982149580955505 6
1780877944460 0.3026439861869812 7
1780878104102 0.28032735045433044 8
1780878260163 0.2622039950942993 9
1780878416241 0.24691895459651947 10
1780878575881 0.23386562660217286 11
1780878731958 0.22196232931137086 12
1780878891627 0.21006275698661805 13
1780879047816 0.19915916865348815 14
1780879203872 0.19040647332191468 15
1780879363517 0.1859247639656067 16
1780879519605 0.18563652665138244 17
1780879679256 0.1770176877951622 18
1780879835389 0.1759233433675766 19
1780879991519 0.1757551503276825 20
