1780809291712 0.6174313150787354 1
1780809392538 0.4872761228752136 2
1780809497044 0.43217100493431093 3
1780809601486 0.3936503135967255 4
1780809705757 0.3635134255504608 5
1780809809947 0.3376112486934662 6
1780809914734 0.3128202499103546 7
1780810018838 0.2937930049133301 8
1780810123269 0.27784992659568786 9
1780810227369 0.26543573464393616 10
1780810331990 0.2518322422409058 11
1780810432633 0.2425767833995819 12
1780810537001 0.23808167190551757 13
1780810641059 0.2330206080341339 14
1780810745016 0.2273427899169922 15
