1780840356358 25.35109157100669 1
1780840385337 25.404959837993374 2
1780840410753 25.41120682397741 3
1780840439762 25.475807077018544 4
1780840468857 25.575525929016294 5
1780840497732 25.475954255001852 6
1780840526646 25.47465163198649 7
1780840552163 25.512016037973808 8
1780840581035 25.472154193994356 9
1780840610025 25.529043433984043 10
1780840638738 25.301783991017146 11
1780840667773 25.449497708992567 12
1780840693286 25.507653491979 13
1780840722163 25.471276318014134 14
1780840751191 25.43679809101741 15
1780840780206 25.657962721015792 16
1780840809088 25.677874048007652 17
1780840834751 25.656666050985223 18
1780840863570 25.616789607011015 19
1780840892440 25.666857739997795 20
