1780840356358 0.6174850371742249 1
1780840385337 0.48460935563087465 2
1780840410753 0.4319106227970123 3
1780840439762 0.39176580450057985 4
1780840468857 0.3611496627521515 5
1780840497732 0.33878904225349427 6
1780840526646 0.31274475122451784 7
1780840552163 0.29558115703582766 8
1780840581035 0.280907248840332 9
1780840610025 0.2625086525821686 10
1780840638738 0.24725747839450837 11
1780840667773 0.23358205737113952 12
1780840693286 0.22451436169624328 13
1780840722163 0.21628840176582337 14
1780840751191 0.20394320977210997 15
1780840780206 0.1971838445878029 16
1780840809088 0.19446248589515686 17
1780840834751 0.19270189436912535 18
1780840863570 0.1861509399175644 19
1780840892440 0.18638408082008362 20
