1780917181398 19.07753153199883 1
1780917199022 17.61613910699998 2
1780917219375 17.766116505001264 3
1780917236194 16.81430493299922 4
1780917256299 17.6738713499999 5
1780917273333 17.028366038999593 6
1780917293117 17.34296236299997 7
1780917313109 17.484627542000453 8
1780917330154 17.038487935000376 9
1780917350046 17.349324263999733 10
1780917366895 16.843170269999973 11
1780917387002 17.569431768999493 12
1780917403734 16.72550473499905 13
1780917423824 17.617315569999846 14
1780917440532 16.703822803001458 15
1780917460717 17.639770170999327 16
1780917477631 16.90882993299965 17
1780917497456 17.39333325500047 18
1780917514387 16.925686532998952 19
1780917534082 17.183622206999644 20
