1780917181398 0.223325 1
1780917199022 0.449775 2
1780917219375 0.50555 3
1780917236194 0.527725 4
1780917256299 0.54145 5
1780917273333 0.557975 6
1780917293117 0.56605 7
1780917313109 0.58045 8
1780917330154 0.58595 9
1780917350046 0.5926 10
1780917366895 0.599925 11
1780917387002 0.604425 12
1780917403734 0.60765 13
1780917423824 0.61255 14
1780917440532 0.611525 15
1780917460717 0.618925 16
1780917477631 0.617175 17
1780917497456 0.6195 18
1780917514387 0.620725 19
1780917534082 0.622475 20
