1780917181398 2.050586702156067 1
1780917199022 1.4067505451202393 2
1780917219375 1.2549735562324524 3
1780917236194 1.1854200503349304 4
1780917256299 1.1471193367004395 5
1780917273333 1.1131952575683595 6
1780917293117 1.0828321813583375 7
1780917313109 1.0522122868537902 8
1780917330154 1.0375016814231872 9
1780917350046 1.0183453823089599 10
1780917366895 1.0001693305015564 11
1780917387002 0.9905160569190979 12
1780917403734 0.9777436230659485 13
1780917423824 0.9700282314300537 14
1780917440532 0.9637030234336853 15
1780917460717 0.9545370693206787 16
1780917477631 0.953957615184784 17
1780917497456 0.9486095014572143 18
1780917514387 0.9476217261314392 19
1780917534082 0.9445763575553894 20
