1780758878412 0.6351538560867309 1
1780758962820 0.48638373034477234 2
1780759057274 0.42953557859420777 3
1780759153348 0.386493527097702 4
1780759246634 0.3561917341041565 5
1780759339039 0.32641383390426637 6
1780759428900 0.30555477041244505 7
1780759520480 0.2819439808273315 8
1780759612179 0.26487732368469236 9
1780759703746 0.24701829927921296 10
1780759794262 0.23008235338687896 11
1780759891998 0.22395143489837646 12
1780759983406 0.22067784436702728 13
1780760074888 0.21243014118671416 14
1780760164651 0.20979594175338745 15
