1781101653783 39.69407021300003 1
1781101700093 39.80707643000005 2
1781101742960 39.69603585100003 3
1781101785658 39.528049377000116 4
1781101828778 39.95880603600017 5
1781101871539 39.59463811600017 6
1781101917808 39.47184347700022 7
1781101960918 39.76330182899983 8
1781102003789 39.543275902999994 9
1781102046546 39.4061711180002 10
1781102093073 39.83146288499984 11
1781102136250 39.843074176999835 12
1781102178769 39.64408406599978 13
1781102222636 40.385817080999914 14
1781102268004 39.440337137999904 15
1781102310505 39.95191582999996 16
1781102354502 40.43132140200032 17
1781102396364 39.421001355000044 18
1781102443192 41.445193158000166 19
1781102486590 40.39754556099979 20
