1781101653783 2.0282472803115845 1
1781101700093 1.3990460590362548 2
1781101742960 1.20719857378006 3
1781101785658 1.106759574699402 4
1781101828778 1.0489502264022827 5
1781101871539 1.0099251693725586 6
1781101917808 0.9803940101623535 7
1781101960918 0.9578149808883667 8
1781102003789 0.936435467338562 9
1781102046546 0.9211863633155822 10
1781102093073 0.9040287620544434 11
1781102136250 0.8980136733055115 12
1781102178769 0.8878219922065735 13
1781102222636 0.8771844738960266 14
1781102268004 0.8699326065063476 15
1781102310505 0.8699041051864624 16
1781102354502 0.8597752596855164 17
1781102396364 0.8575284927368164 18
1781102443192 0.8581080404281616 19
1781102486590 0.8567030851364136 20
