1780868296893 22.075557340984233 1
1780868321557 22.089259908010717 2
1780868346855 22.74479108999367 3
1780868368815 21.954941420000978 4
1780868393595 22.410800538025796 5
1780868416403 22.80200815599528 6
1780868443285 24.1325407679833 7
1780868465980 21.930362976010656 8
1780868490688 22.478814152011182 9
1780868513165 22.471763153997017 10
1780868538791 23.421604792005382 11
1780868564207 23.03921050298959 12
1780868586540 22.327460557979066 13
1780868611070 22.24165353301214 14
1780868635928 22.403730404999806 15
1780868657717 21.783681183005683 16
1780868682727 22.65669714298565 17
1780868707654 22.620038661989383 18
1780868733819 23.87688866801909 19
1780868756015 22.190346067014616 20
