1780868296893 0.6586575352859497 1
1780868321557 0.5355401442909241 2
1780868346855 0.48129541833877565 3
1780868368815 0.4479011933708191 4
1780868393595 0.41532865718841555 5
1780868416403 0.38672899250507353 6
1780868443285 0.3620709445476532 7
1780868465980 0.3376319120502472 8
1780868490688 0.3192309259414673 9
1780868513165 0.300350017490387 10
1780868538791 0.28256410913467406 11
1780868564207 0.26985690711975097 12
1780868586540 0.25674053573608396 13
1780868611070 0.24643000572681428 14
1780868635928 0.23930184988975525 15
1780868657717 0.22840674164772035 16
1780868682727 0.2246771983909607 17
1780868707654 0.2202332645201683 18
1780868733819 0.2175575509929657 19
1780868756015 0.21627653119564055 20
