1780931368283 38.62412604000201 1
1780931413865 38.40289973999825 2
1780931455951 38.49234192000222 3
1780931498251 38.705664059998526 4
1780931541881 40.03742726999917 5
1780931584256 38.78189720999944 6
1780931629849 38.41236333000052 7
1780931672107 38.66557257000022 8
1780931714182 38.481048810001084 9
1780931756305 38.528800469997805 10
1780931798292 38.394537299998774 11
1780931844110 38.63754575999701 12
1780931886199 38.49487874999977 13
1780931928548 38.75464404000013 14
1780931970724 38.583881549999205 15
1780932012932 38.613865766001254 16
1780932058485 38.67248305400062 17
1780932100432 38.35208313000112 18
1780932142669 38.64196458000151 19
1780932185899 39.636654210000415 20
