1780931368283 2.0951645442962645 1
1780931413865 1.4800574607849122 2
1780931455951 1.234295139503479 3
1780931498251 1.1210645532608032 4
1780931541881 1.0481056204795838 5
1780931584256 1.0073543909072875 6
1780931629849 0.9738521453857422 7
1780931672107 0.9516788993835449 8
1780931714182 0.932813977432251 9
1780931756305 0.9165033493995667 10
1780931798292 0.9058006675720215 11
1780931844110 0.8920484726905823 12
1780931886199 0.882845870065689 13
1780931928548 0.8790759652137756 14
1780931970724 0.8690931452751159 15
1780932012932 0.8680058854103089 16
1780932058485 0.8617640270233154 17
1780932100432 0.8575995053768158 18
1780932142669 0.8594073338508605 19
1780932185899 0.8533885117530823 20
