1780813460868 0.7827946898460388 1
1780813654546 0.4533836707274119 2
1780813850857 0.37473200969696047 3
1780814043672 0.32797611314455666 4
1780814240077 0.29649296672344205 5
1780814433622 0.2722234984874725 6
1780814630333 0.252069867626826 7
1780814823741 0.23516823332309722 8
1780815017488 0.22147152794996897 9
1780815215342 0.2076481367190679 10
1780815408686 0.19845125657717386 11
1780815617788 0.1917806706349055 12
1780815740302 0.18628985826969147 13
1780815868766 0.18200974714756013 14
1780816004262 0.1808150397181511 15
