1780930502387 42.02634752999802 1
1780930552486 42.91684172999885 2
1780930594940 38.86071507000088 3
1780930637105 38.57045517000006 4
1780930679546 38.84828643000219 5
1780930721776 38.64862834499945 6
1780930767517 38.91900102799991 7
1780930809709 38.598388559999876 8
1780930853694 40.393778399997245 9
1780930895750 38.46124566000071 10
1780930937738 38.395581929999025 11
1780930983396 38.47776479999811 12
1780931025274 38.28459060000023 13
1780931067956 39.088656179999816 14
1780931110176 38.62797317999866 15
1780931152187 38.415381659997365 16
1780931197962 38.595688019999216 17
1780931240507 38.95191188999888 18
1780931282703 38.602578599999106 19
1780931324840 38.543468849999044 20
