1780930502387 2.103975699043274 1
1780930552486 1.3913793543815614 2
1780930594940 1.1326863736152648 3
1780930637105 1.0472991206169129 4
1780930679546 1.0061538295745849 5
1780930721776 0.9708103765487671 6
1780930767517 0.9514806966781616 7
1780930809709 0.9289565861701965 8
1780930853694 0.917734984588623 9
1780930895750 0.897083535861969 10
1780930937738 0.8915330903053283 11
1780930983396 0.8820032102108002 12
1780931025274 0.8742315584182739 13
1780931067956 0.8585038356781006 14
1780931110176 0.8566299668312073 15
1780931152187 0.8474452105522156 16
1780931197962 0.8446253180503845 17
1780931240507 0.8437924228668213 18
1780931282703 0.8437713480949401 19
1780931324840 0.8381716612815857 20
