1780916460414 16.86034097600168 1
1780916476941 16.521681698000975 2
1780916495520 16.545942081998874 3
1780916512010 16.48447094599942 4
1780916531042 16.98825732899968 5
1780916547573 16.525234680999347 6
1780916566437 16.818699630999618 7
1780916582950 16.506309942998996 8
1780916602681 17.678688422998675 9
1780916621539 16.80111903299985 10
1780916638629 17.085419782000827 11
1780916657471 16.781468343999222 12
1780916674013 16.53685826399851 13
1780916692764 16.686869332999777 14
1780916709429 16.658047589999114 15
1780916728007 16.569465130000026 16
1780916744615 16.602956604998326 17
1780916763146 16.059573724000074 18
1780916779560 16.408815584998592 19
1780916798122 16.36731982099991 20
