1780916460414 2.1740554290771485 1
1780916476941 1.6646893035888672 2
1780916495520 1.3751278858184814 3
1780916512010 1.258936946964264 4
1780916531042 1.1851738087654113 5
1780916547573 1.1368097637176513 6
1780916566437 1.0999603479385376 7
1780916582950 1.071823745250702 8
1780916602681 1.0404192584037781 9
1780916621539 1.0262668870925904 10
1780916638629 1.0102473491668702 11
1780916657471 0.9954948596954346 12
1780916674013 0.9877205492019653 13
1780916692764 0.9726951838493347 14
1780916709429 0.9698387349128723 15
1780916728007 0.9606773267745972 16
1780916744615 0.959942509841919 17
1780916763146 0.954370586013794 18
1780916779560 0.9533285002708435 19
1780916798122 0.9536410287857056 20
