1780795463462 0.6285647495651245 1
1780795566462 0.49301651449203493 2
1780795669740 0.4318103395271301 3
1780795772454 0.3896944352722168 4
1780795875804 0.35797598029136657 5
1780795978464 0.3337216164159775 6
1780796081518 0.3077596428489685 7
1780796184844 0.28982456518173216 8
1780796287832 0.2720124361276627 9
1780796391597 0.25105319173336027 10
1780796494312 0.23914077297210692 11
1780796597821 0.2315544123697281 12
1780796700881 0.2188424972999096 13
1780796804219 0.21596379210948943 14
1780796907199 0.21599647228240967 15
