1780861933332 66.18984076700872 1
1780862003318 65.72167047997937 2
1780862073995 66.4160799390229 3
1780862144162 65.91779199399753 4
1780862215469 67.06728417798877 5
1780862285518 65.57062697201036 6
1780862355768 66.06772381000337 7
1780862430124 67.85804964101408 8
1780862501789 67.30119343299884 9
1780862571618 65.45798645398463 10
1780862642003 65.77298712998163 11
1780862714097 67.19331275500008 12
1780862783779 64.9189895390009 13
1780862854657 66.63828633999219 14
1780862925511 66.04608386399923 15
1780862995417 65.04897085900302 16
1780863066388 66.46355834699352 17
1780863137908 67.00797032099217 18
1780863210141 67.71706753299804 19
1780863284403 69.75289681600407 20
