1780861933332 0.6217303349685669 1
1780862003318 0.4897941406059265 2
1780862073995 0.428411021528244 3
1780862144162 0.39128358640670774 4
1780862215469 0.35450239247322085 5
1780862285518 0.32983574836730956 6
1780862355768 0.3074256426525116 7
1780862430124 0.2788054348087311 8
1780862501789 0.2603432118034363 9
1780862571618 0.24421388140678404 10
1780862642003 0.22905834714889525 11
1780862714097 0.21437267228603363 12
1780862783779 0.19607941288948058 13
1780862854657 0.18805621700048447 14
1780862925511 0.1813836115193367 15
1780862995417 0.17132161767959594 16
1780863066388 0.17120005370378494 17
1780863137908 0.17073916640281678 18
1780863210141 0.1618417142176628 19
1780863284403 0.15862848821163178 20
