1780911458018 12.32206726000004 1
1780911472065 12.414602279999599 2
1780911483673 11.60401186099989 3
1780911497059 11.73219863200029 4
1780911509220 12.15598835899982 5
1780911520762 11.53664582700003 6
1780911534203 11.727832949999538 7
1780911545994 11.786151606999738 8
1780911557456 11.457133149000583 9
1780911571174 11.845964453000306 10
1780911582661 11.481968756999777 11
1780911594696 12.030012487000022 12
1780911608399 12.19112344200039 13
1780911621299 12.894952619000833 14
1780911634815 12.35638174199994 15
1780911646508 11.687706939000236 16
1780911658386 11.872788035999292 17
1780911672489 12.125519831999554 18
1780911684932 12.438497858999654 19
1780911696588 11.651052827000058 20
