1780911458018 2.2257049308776855 1
1780911472065 2.143686234664917 2
1780911483673 2.1107371881484984 3
1780911497059 2.0952000143051146 4
1780911509220 2.0880902402877806 5
1780911520762 2.077148803138733 6
1780911534203 2.0714312702178956 7
1780911545994 2.0660710947036742 8
1780911557456 2.0622447755813598 9
1780911571174 2.058257117462158 10
1780911582661 2.0541382799148558 11
1780911594696 2.050503497314453 12
1780911608399 2.043991570854187 13
1780911621299 2.045246148490906 14
1780911634815 2.04123963470459 15
1780911646508 2.0385641208648684 16
1780911658386 2.035439762496948 17
1780911672489 2.036692551612854 18
1780911684932 2.034642322540283 19
1780911696588 2.034074454689026 20
