1780741772737 0.6472361885070801 1
1780741832165 0.5020529102420807 2
1780741894616 0.44349835762023926 3
1780741961530 0.40583647125244143 4
1780742029402 0.36998755460739136 5
1780742096597 0.35031917331695556 6
1780742163962 0.32581976816177366 7
1780742227642 0.31115068952560426 8
1780742294883 0.295914497256279 9
1780742362114 0.28386841722488404 10
1780742429541 0.2714833633041382 11
1780742496762 0.267831998462677 12
1780742567667 0.25843420371055603 13
1780742639698 0.2557187994241715 14
1780742708696 0.25370911564826965 15
