1780922730233 25.403123145999416 1
1780922755795 25.55619323299834 2
1780922783639 25.170512705000874 3
1780922813170 26.095021109998925 4
1780922842571 25.808097420002014 5
1780922871148 24.983498879999388 6
1780922902107 27.413463631000923 7
1780922929082 26.969333488999837 8
1780922960652 28.273664370000915 9
1780922991937 28.01167635999809 10
1780923021972 26.772606522001297 11
1780923055326 30.097119173002284 12
1780923087166 28.586292477000825 13
1780923118031 27.62009350199878 14
1780923144970 26.93384727100056 15
1780923176734 28.51825795900004 16
1780923206743 26.771614347999275 17
1780923236536 26.558971173002647 18
1780923266774 26.736901410000428 19
1780923297048 26.913537721000466 20
