1780922730233 2.036772002410889 1
1780922755795 1.437132714653015 2
1780922783639 1.2328400233268737 3
1780922813170 1.1523294786453246 4
1780922842571 1.0940650713920592 5
1780922871148 1.0625294646263121 6
1780922902107 1.0274597683906554 7
1780922929082 1.0036471611976623 8
1780922960652 0.9839838926315307 9
1780922991937 0.9688468559265137 10
1780923021972 0.9604630776405334 11
1780923055326 0.9464512466430665 12
1780923087166 0.9396251502990722 13
1780923118031 0.9306668384552002 14
1780923144970 0.9224804152488708 15
1780923176734 0.9181888541221619 16
1780923206743 0.9115804777145385 17
1780923236536 0.9089244165420532 18
1780923266774 0.9090807652473449 19
1780923297048 0.9055523025512695 20
