1780867383855 20.917128984990995 1
1780867406746 20.54424733101041 2
1780867429098 19.978485333005665 3
1780867449220 20.117114896012936 4
1780867473299 20.582295631989837 5
1780867496539 20.596289987995988 6
1780867517144 20.599898522981675 7
1780867540812 21.264407061011298 8
1780867564611 20.88902233497356 9
1780867585138 20.52116439299425 10
1780867608584 20.791490904026432 11
1780867631784 20.51082691201009 12
1780867653875 22.085678634000942 13
1780867677474 20.654776178998873 14
1780867701685 21.359353231004206 15
1780867722132 20.44224568401114 16
1780867745182 20.171358223014977 17
1780867765233 20.046554194006603 18
1780867788811 20.4497529270011 19
1780867812433 20.432526165997842 20
