1780867383855 0.6477630895423889 1
1780867406746 0.5400561280632019 2
1780867429098 0.4878137577152252 3
1780867449220 0.4536122547531128 4
1780867473299 0.42327887806892395 5
1780867496539 0.3977926144981384 6
1780867517144 0.37367454739570616 7
1780867540812 0.357669213924408 8
1780867564611 0.3380318879032135 9
1780867585138 0.3238853472709656 10
1780867608584 0.3051048670244217 11
1780867631784 0.2914398297071457 12
1780867653875 0.2836063470554352 13
1780867677474 0.2709139737319946 14
1780867701685 0.2601070443058014 15
1780867722132 0.25640026567220686 16
1780867745182 0.24577612820625305 17
1780867765233 0.24779136107444763 18
1780867788811 0.23988211990356445 19
1780867812433 0.24045864486694335 20
