1781110928081 36.24813854999957 1
1781110967920 36.256720859999405 2
1781111007714 36.19096272000024 3
1781111047417 36.11098151999977 4
1781111087209 36.199899449999066 5
1781111127066 36.26406107999901 6
1781111166920 36.262158120000095 7
1781111206596 36.0834925500003 8
1781111250097 36.320763240000815 9
1781111290227 36.53760051000063 10
1781111330474 36.65495313000065 11
1781111370518 36.45112743000027 12
1781111410527 36.416465549998975 13
1781111450629 36.50987529000122 14
1781111490419 36.20828780999909 15
1781111530164 36.142055639998944 16
1781111573683 36.338967360001334 17
1781111613543 36.26757692999854 18
1781111653406 36.27100215000064 19
1781111693213 36.21411792000072 20
