1781110928081 0.158625 1
1781110967920 0.3819 2
1781111007714 0.4986 3
1781111047417 0.546925 4
1781111087209 0.56405 5
1781111127066 0.583275 6
1781111166920 0.592825 7
1781111206596 0.604775 8
1781111250097 0.6132 9
1781111290227 0.616675 10
1781111330474 0.626175 11
1781111370518 0.633475 12
1781111410527 0.635325 13
1781111450629 0.639475 14
1781111490419 0.6445 15
1781111530164 0.645525 16
1781111573683 0.64565 17
1781111613543 0.645675 18
1781111653406 0.64975 19
1781111693213 0.647325 20
