1781110928081 2.1857156915664673 1
1781110967920 1.5922302947998046 2
1781111007714 1.2573097805023192 3
1781111047417 1.133182696533203 4
1781111087209 1.0784639325141907 5
1781111127066 1.0388146083831786 6
1781111166920 1.01160812625885 7
1781111206596 0.9833197093009949 8
1781111250097 0.9610911037445068 9
1781111290227 0.9481632685661316 10
1781111330474 0.9285634262084961 11
1781111370518 0.9148922875404358 12
1781111410527 0.9082780397415161 13
1781111450629 0.8982605093955993 14
1781111490419 0.8908433360099792 15
1781111530164 0.890652538394928 16
1781111573683 0.8864708841323853 17
1781111613543 0.8805618886947632 18
1781111653406 0.8795005840301514 19
1781111693213 0.8789073221206665 20
