1780921050776 27.906185822001135 1
1780921079266 26.049441618000856 2
1780921110069 27.73195175299952 3
1780921136904 24.73064599999998 4
1780921166820 26.74802748899856 5
1780921195558 26.50439567900139 6
1780921222208 26.644143460000123 7
1780921252426 27.15845453499969 8
1780921282393 26.97142479899958 9
1780921309801 24.320891034998567 10
1780921336702 23.883616502998848 11
1780921360639 23.931115929000953 12
1780921388082 24.342408034999607 13
1780921415366 24.211802230000103 14
1780921442241 24.508378963000723 15
1780921466656 24.409893201998784 16
1780921493641 24.29598714200074 17
1780921520558 24.18739186899984 18
1780921547553 24.22851816000002 19
1780921571992 24.431571118000647 20
