1780921050776 2.1437147012710573 1
1780921079266 1.5399139299392701 2
1780921110069 1.2774391139984131 3
1780921136904 1.1754276481628418 4
1780921166820 1.1140774658203125 5
1780921195558 1.0745211123466492 6
1780921222208 1.0428745147705079 7
1780921252426 1.0163016903877258 8
1780921282393 0.9992564275741577 9
1780921309801 0.9761441123008728 10
1780921336702 0.9619243094444275 11
1780921360639 0.9477504890441895 12
1780921388082 0.9428257284164429 13
1780921415366 0.93207047996521 14
1780921442241 0.9247036520957946 15
1780921466656 0.919792651462555 16
1780921493641 0.9173843732833862 17
1780921520558 0.9152958161354064 18
1780921547553 0.9120886118888855 19
1780921571992 0.9074624777793884 20
