1780893639751 54.20569384799455 1
1780893697691 53.62438306299737 2
1780893753916 54.16881209198618 3
1780893812071 54.004341569001554 4
1780893870227 54.02405268300208 5
1780893926268 53.97012445499422 6
1780893984417 53.814774486003444 7
1780894042623 53.99027582400595 8
1780894098605 53.78577065997524 9
1780894156645 53.76407011100673 10
1780894215382 54.0025389129878 11
1780894271073 53.28229981899494 12
1780894329165 53.587245721020736 13
1780894387673 53.8414956049819 14
1780894443249 53.258048468997 15
1780894501396 53.52513431600528 16
1780894559998 54.037383274000604 17
1780894615561 53.25726135398145 18
1780894674439 54.31315163799445 19
1780894732181 53.13803514800384 20
