1780893639751 0.6277245114707947 1
1780893697691 0.48493847412109375 2
1780893753916 0.42751010675430295 3
1780893812071 0.3921946745300293 4
1780893870227 0.3553594943141937 5
1780893926268 0.32810362075805666 6
1780893984417 0.3073719100189209 7
1780894042623 0.28453890632629397 8
1780894098605 0.2586011678600311 9
1780894156645 0.2431127095246315 10
1780894215382 0.2249341515493393 11
1780894271073 0.21422091526985168 12
1780894329165 0.20300855792045594 13
1780894387673 0.19247633390426636 14
1780894443249 0.1803423133420944 15
1780894501396 0.1696935227584839 16
1780894559998 0.1680934601688385 17
1780894615561 0.16596454781532288 18
1780894674439 0.1670291164636612 19
1780894732181 0.16224705200195313 20
