1780782582079 0.6217303349685669 1
1780782694712 0.4899794864845276 2
1780782809675 0.4292295454406738 3
1780782922541 0.3907451075077057 4
1780783033104 0.35535006812095643 5
1780783144631 0.3302859936237335 6
1780783255811 0.3094812851810455 7
1780783370009 0.281509698882103 8
1780783481631 0.2654759147644043 9
1780783592883 0.2516024193286896 10
1780783704290 0.2362951769733429 11
1780783815447 0.22803838971138002 12
1780783927091 0.21680152070999145 13
1780784041051 0.21335001951694488 14
1780784152510 0.21308870557546616 15
